# Blender 5.1.0
# www.blender.org
mtllib kinger_RightEye.mtl
o Sphere.002
v 0.509961 3.372228 -1.117081
v 0.509961 3.156811 -1.129206
v 0.509961 3.049834 -1.023710
v 0.509961 2.991938 -0.885873
v 0.509961 2.984488 -0.811277
v 0.509961 2.991938 -0.736680
v 0.509961 3.049834 -0.598843
v 0.509961 3.372227 -0.428907
v 0.510563 3.368942 -1.117283
v 0.539738 3.227907 -1.164541
v 0.550391 3.160950 -1.129206
v 0.561419 3.103322 -1.081653
v 0.570469 3.056028 -1.023710
v 0.577194 3.020886 -0.957603
v 0.581335 2.999245 -0.885873
v 0.582733 2.991938 -0.811277
v 0.581335 2.999245 -0.736680
v 0.577194 3.020886 -0.664950
v 0.570469 3.056028 -0.598843
v 0.561419 3.103322 -0.540900
v 0.550391 3.160950 -0.493348
v 0.537810 3.226697 -0.458013
v 0.524158 3.298037 -0.436254
v 0.511142 3.369133 -1.117283
v 0.566516 3.236351 -1.164541
v 0.589267 3.173208 -1.129206
v 0.610899 3.118924 -1.081653
v 0.628651 3.074374 -1.023710
v 0.641842 3.041271 -0.957603
v 0.649965 3.020886 -0.885873
v 0.652708 3.014003 -0.811277
v 0.649965 3.020886 -0.736680
v 0.641842 3.041271 -0.664950
v 0.628651 3.074374 -0.598843
v 0.610899 3.118924 -0.540900
v 0.589267 3.173208 -0.493348
v 0.564588 3.235141 -0.458013
v 0.537810 3.302341 -0.436254
v 0.511675 3.369443 -1.117283
v 0.591195 3.250063 -1.164541
v 0.625096 3.193115 -1.129206
v 0.656499 3.144260 -1.081653
v 0.682272 3.104167 -1.023710
v 0.701423 3.074374 -0.957603
v 0.713216 3.056028 -0.885873
v 0.717198 3.049834 -0.811277
v 0.713216 3.056028 -0.736680
v 0.701423 3.074374 -0.664950
v 0.682272 3.104167 -0.598843
v 0.656499 3.144260 -0.540900
v 0.625096 3.193115 -0.493348
v 0.589267 3.248852 -0.458013
v 0.550391 3.309331 -0.436254
v 0.512143 3.369859 -1.117283
v 0.612827 3.268516 -1.164541
v 0.656499 3.219905 -1.129206
v 0.696469 3.178357 -1.081653
v 0.729271 3.144260 -1.023710
v 0.753645 3.118924 -0.957603
v 0.768655 3.103322 -0.885873
v 0.773723 3.098054 -0.811277
v 0.768655 3.103322 -0.736680
v 0.753645 3.118924 -0.664950
v 0.729271 3.144260 -0.598843
v 0.696469 3.178357 -0.540900
v 0.656499 3.219905 -0.493348
v 0.610899 3.267306 -0.458013
v 0.561419 3.318739 -0.436254
v 0.512527 3.370367 -1.117283
v 0.630579 3.291001 -1.164541
v 0.682272 3.252548 -1.129206
v 0.729271 3.219905 -1.081653
v 0.767842 3.193115 -1.023710
v 0.796503 3.173208 -0.957603
v 0.814153 3.160950 -0.885873
v 0.820112 3.156811 -0.811277
v 0.814153 3.160950 -0.736680
v 0.796503 3.173208 -0.664950
v 0.767842 3.193115 -0.598843
v 0.729271 3.219905 -0.540900
v 0.682272 3.252548 -0.493348
v 0.628651 3.289791 -0.458013
v 0.570469 3.330202 -0.436254
v 0.512812 3.370946 -1.117283
v 0.643770 3.316654 -1.164541
v 0.701423 3.289791 -1.129206
v 0.753645 3.267306 -1.081653
v 0.796503 3.248853 -1.023710
v 0.828350 3.235141 -0.957603
v 0.847961 3.226697 -0.885873
v 0.854583 3.223846 -0.811277
v 0.847961 3.226697 -0.736680
v 0.828350 3.235141 -0.664950
v 0.796503 3.248853 -0.598843
v 0.753645 3.267306 -0.540900
v 0.701423 3.289791 -0.493348
v 0.641842 3.315444 -0.458013
v 0.577194 3.343280 -0.436254
v 0.512987 3.371574 -1.117283
v 0.651893 3.344490 -1.164541
v 0.713216 3.330202 -1.129206
v 0.768655 3.318739 -1.081653
v 0.814153 3.309331 -1.023710
v 0.847961 3.302341 -0.957603
v 0.868780 3.298037 -0.885873
v 0.875809 3.296583 -0.811277
v 0.868780 3.298037 -0.736680
v 0.847961 3.302341 -0.664950
v 0.814153 3.309331 -0.598843
v 0.768655 3.318739 -0.540900
v 0.713216 3.330202 -0.493348
v 0.649965 3.343280 -0.458013
v 0.581335 3.357470 -0.436254
v 0.513047 3.372228 -1.117283
v 0.654636 3.373438 -1.164541
v 0.717198 3.372227 -1.129206
v 0.773723 3.372227 -1.081653
v 0.820112 3.372227 -1.023710
v 0.854583 3.372227 -0.957603
v 0.875809 3.372227 -0.885873
v 0.882977 3.372227 -0.811277
v 0.875809 3.372227 -0.736680
v 0.854583 3.372227 -0.664950
v 0.820112 3.372227 -0.598843
v 0.773723 3.372227 -0.540900
v 0.717198 3.372227 -0.493348
v 0.652708 3.372227 -0.458013
v 0.582733 3.372227 -0.436254
v 0.512987 3.372881 -1.117283
v 0.651893 3.402385 -1.164541
v 0.713216 3.414253 -1.129206
v 0.768655 3.425716 -1.081653
v 0.814153 3.435123 -1.023710
v 0.847961 3.442114 -0.957603
v 0.868780 3.446418 -0.885873
v 0.875809 3.447872 -0.811277
v 0.868780 3.446418 -0.736680
v 0.847961 3.442114 -0.664950
v 0.814153 3.435123 -0.598843
v 0.768655 3.425716 -0.540900
v 0.713216 3.414253 -0.493348
v 0.649965 3.401175 -0.458013
v 0.581335 3.386985 -0.436254
v 0.512812 3.373509 -1.117283
v 0.643770 3.430221 -1.164541
v 0.701423 3.454664 -1.129206
v 0.753645 3.477149 -1.081653
v 0.796503 3.495602 -1.023710
v 0.828350 3.509314 -0.957603
v 0.847961 3.517758 -0.885873
v 0.854583 3.520609 -0.811277
v 0.847961 3.517758 -0.736680
v 0.828350 3.509314 -0.664950
v 0.796503 3.495602 -0.598843
v 0.753645 3.477149 -0.540900
v 0.701423 3.454664 -0.493348
v 0.641842 3.429011 -0.458013
v 0.577194 3.401175 -0.436254
v 0.512527 3.374089 -1.117283
v 0.630579 3.455874 -1.164541
v 0.682272 3.491906 -1.129206
v 0.729271 3.524550 -1.081653
v 0.767842 3.551340 -1.023710
v 0.796503 3.571246 -0.957603
v 0.814153 3.583505 -0.885873
v 0.820112 3.587644 -0.811277
v 0.814153 3.583505 -0.736680
v 0.796503 3.571246 -0.664950
v 0.767842 3.551340 -0.598843
v 0.729271 3.524550 -0.540900
v 0.682272 3.491906 -0.493348
v 0.628651 3.454664 -0.458013
v 0.570469 3.414253 -0.436254
v 0.512143 3.374596 -1.117283
v 0.612827 3.478359 -1.164541
v 0.656499 3.524550 -1.129206
v 0.696469 3.566097 -1.081653
v 0.729271 3.600194 -1.023710
v 0.753645 3.625531 -0.957603
v 0.768655 3.641133 -0.885873
v 0.773723 3.646401 -0.811277
v 0.768655 3.641133 -0.736680
v 0.753645 3.625531 -0.664950
v 0.729271 3.600194 -0.598843
v 0.696469 3.566097 -0.540900
v 0.656499 3.524550 -0.493348
v 0.610899 3.477149 -0.458013
v 0.561419 3.425716 -0.436254
v 0.511675 3.375013 -1.117283
v 0.591195 3.496813 -1.164541
v 0.625096 3.551340 -1.129206
v 0.656500 3.600194 -1.081653
v 0.682272 3.640288 -1.023710
v 0.701423 3.670080 -0.957603
v 0.713216 3.688426 -0.885873
v 0.717197 3.694621 -0.811277
v 0.713216 3.688426 -0.736680
v 0.701423 3.670080 -0.664950
v 0.682272 3.640288 -0.598843
v 0.656500 3.600194 -0.540900
v 0.625096 3.551340 -0.493348
v 0.589267 3.495602 -0.458013
v 0.550391 3.435123 -0.436254
v 0.511142 3.375322 -1.117283
v 0.566516 3.510525 -1.164541
v 0.589267 3.571246 -1.129206
v 0.610899 3.625531 -1.081653
v 0.628651 3.670080 -1.023710
v 0.641842 3.703184 -0.957603
v 0.649965 3.723569 -0.885873
v 0.652708 3.730452 -0.811277
v 0.649965 3.723569 -0.736680
v 0.641842 3.703184 -0.664950
v 0.628651 3.670080 -0.598843
v 0.610899 3.625531 -0.540900
v 0.589267 3.571246 -0.493348
v 0.564588 3.509314 -0.458013
v 0.537810 3.442114 -0.436254
v 0.510563 3.375513 -1.117283
v 0.539738 3.518968 -1.164541
v 0.550391 3.583505 -1.129206
v 0.561419 3.641133 -1.081653
v 0.570469 3.688426 -1.023710
v 0.577194 3.723569 -0.957603
v 0.581335 3.745210 -0.885873
v 0.582733 3.752517 -0.811277
v 0.581335 3.745210 -0.736680
v 0.577194 3.723569 -0.664950
v 0.570469 3.688426 -0.598843
v 0.561419 3.641133 -0.540900
v 0.550391 3.583505 -0.493348
v 0.537810 3.517758 -0.458013
v 0.524158 3.446418 -0.436254
v 0.509961 3.375577 -1.117283
v 0.511889 3.521819 -1.164541
v 0.509961 3.587644 -1.129206
v 0.509961 3.646401 -1.081653
v 0.509961 3.694621 -1.023710
v 0.509961 3.730452 -0.957603
v 0.509961 3.752517 -0.885873
v 0.509961 3.759967 -0.811277
v 0.509961 3.752517 -0.736680
v 0.509961 3.730452 -0.664950
v 0.509961 3.694621 -0.598843
v 0.509961 3.646401 -0.540900
v 0.509961 3.587644 -0.493348
v 0.509961 3.520609 -0.458013
v 0.509961 3.447872 -0.436254
v 0.509359 3.375513 -1.117283
v 0.484041 3.518968 -1.164541
v 0.469532 3.583505 -1.129206
v 0.458504 3.641133 -1.081653
v 0.449454 3.688426 -1.023710
v 0.442729 3.723569 -0.957603
v 0.438588 3.745210 -0.885873
v 0.437190 3.752517 -0.811277
v 0.438588 3.745210 -0.736680
v 0.442729 3.723569 -0.664950
v 0.449454 3.688426 -0.598843
v 0.458504 3.641133 -0.540900
v 0.469532 3.583505 -0.493348
v 0.482113 3.517758 -0.458013
v 0.495764 3.446418 -0.436254
v 0.508781 3.375322 -1.117283
v 0.457263 3.510525 -1.164541
v 0.430655 3.571246 -1.129206
v 0.409024 3.625531 -1.081653
v 0.391272 3.670080 -1.023710
v 0.378081 3.703184 -0.957603
v 0.369957 3.723569 -0.885873
v 0.367215 3.730452 -0.811277
v 0.369957 3.723569 -0.736680
v 0.378081 3.703184 -0.664950
v 0.391272 3.670080 -0.598843
v 0.409024 3.625531 -0.540900
v 0.430655 3.571246 -0.493348
v 0.455334 3.509314 -0.458013
v 0.482113 3.442114 -0.436254
v 0.508247 3.375013 -1.117283
v 0.432584 3.496813 -1.164541
v 0.394827 3.551340 -1.129206
v 0.363423 3.600194 -1.081653
v 0.337651 3.640288 -1.023710
v 0.318500 3.670080 -0.957603
v 0.306707 3.688426 -0.885873
v 0.302725 3.694621 -0.811277
v 0.306707 3.688426 -0.736680
v 0.318500 3.670080 -0.664950
v 0.337651 3.640288 -0.598843
v 0.363423 3.600194 -0.540900
v 0.394827 3.551340 -0.493348
v 0.430655 3.495602 -0.458013
v 0.469532 3.435123 -0.436254
v 0.507780 3.374596 -1.117283
v 0.410952 3.478359 -1.164541
v 0.363423 3.524550 -1.129206
v 0.323454 3.566097 -1.081653
v 0.290652 3.600194 -1.023710
v 0.266277 3.625531 -0.957603
v 0.251268 3.641133 -0.885873
v 0.246200 3.646401 -0.811277
v 0.251268 3.641133 -0.736680
v 0.266277 3.625531 -0.664950
v 0.290652 3.600194 -0.598843
v 0.323454 3.566097 -0.540900
v 0.363423 3.524550 -0.493348
v 0.409024 3.477149 -0.458013
v 0.458504 3.425716 -0.436254
v 0.507396 3.374089 -1.117283
v 0.393200 3.455874 -1.164541
v 0.337651 3.491906 -1.129206
v 0.290652 3.524550 -1.081653
v 0.252080 3.551340 -1.023710
v 0.223419 3.571247 -0.957603
v 0.205770 3.583505 -0.885873
v 0.199810 3.587644 -0.811277
v 0.205770 3.583505 -0.736680
v 0.223419 3.571247 -0.664950
v 0.252080 3.551340 -0.598843
v 0.290652 3.524550 -0.540900
v 0.337651 3.491906 -0.493348
v 0.391272 3.454664 -0.458013
v 0.449454 3.414253 -0.436254
v 0.507111 3.373509 -1.117283
v 0.380009 3.430221 -1.164541
v 0.318500 3.454664 -1.129206
v 0.266277 3.477149 -1.081653
v 0.223419 3.495602 -1.023710
v 0.191573 3.509314 -0.957603
v 0.171962 3.517758 -0.885873
v 0.165340 3.520609 -0.811277
v 0.171962 3.517758 -0.736680
v 0.191573 3.509314 -0.664950
v 0.223419 3.495602 -0.598843
v 0.266277 3.477149 -0.540900
v 0.318500 3.454664 -0.493348
v 0.378080 3.429011 -0.458013
v 0.442729 3.401175 -0.436254
v 0.506935 3.372881 -1.117283
v 0.371885 3.402385 -1.164541
v 0.306707 3.414253 -1.129206
v 0.251268 3.425716 -1.081653
v 0.205770 3.435123 -1.023710
v 0.171962 3.442114 -0.957603
v 0.151143 3.446418 -0.885873
v 0.144114 3.447871 -0.811277
v 0.151143 3.446418 -0.736680
v 0.171962 3.442114 -0.664950
v 0.205770 3.435123 -0.598843
v 0.251268 3.425716 -0.540900
v 0.306707 3.414253 -0.493348
v 0.369957 3.401175 -0.458013
v 0.438588 3.386985 -0.436254
v 0.506876 3.372228 -1.117283
v 0.369143 3.373438 -1.164541
v 0.302725 3.372227 -1.129206
v 0.246200 3.372227 -1.081653
v 0.199810 3.372227 -1.023710
v 0.165340 3.372227 -0.957603
v 0.144113 3.372227 -0.885873
v 0.136946 3.372227 -0.811277
v 0.144113 3.372227 -0.736680
v 0.165340 3.372227 -0.664950
v 0.199810 3.372227 -0.598843
v 0.246200 3.372227 -0.540900
v 0.302725 3.372227 -0.493348
v 0.367215 3.372227 -0.458013
v 0.437190 3.372227 -0.436254
v 0.506935 3.371574 -1.117283
v 0.371886 3.344490 -1.164541
v 0.306707 3.330202 -1.129206
v 0.251268 3.318739 -1.081653
v 0.205770 3.309331 -1.023710
v 0.171962 3.302341 -0.957603
v 0.151143 3.298037 -0.885873
v 0.144114 3.296583 -0.811277
v 0.151143 3.298037 -0.736680
v 0.171962 3.302341 -0.664950
v 0.205770 3.309331 -0.598843
v 0.251268 3.318739 -0.540900
v 0.306707 3.330202 -0.493348
v 0.369957 3.343280 -0.458013
v 0.438588 3.357470 -0.436254
v 0.507111 3.370946 -1.117283
v 0.380009 3.316654 -1.164541
v 0.318500 3.289791 -1.129206
v 0.266277 3.267306 -1.081653
v 0.223419 3.248853 -1.023710
v 0.191573 3.235141 -0.957603
v 0.171962 3.226697 -0.885873
v 0.165340 3.223846 -0.811277
v 0.171962 3.226697 -0.736680
v 0.191573 3.235141 -0.664950
v 0.223419 3.248853 -0.598843
v 0.266277 3.267306 -0.540900
v 0.318500 3.289791 -0.493348
v 0.378080 3.315444 -0.458013
v 0.442729 3.343280 -0.436254
v 0.507396 3.370367 -1.117283
v 0.393200 3.291001 -1.164541
v 0.337651 3.252548 -1.129206
v 0.290651 3.219905 -1.081653
v 0.252080 3.193115 -1.023710
v 0.223419 3.173208 -0.957603
v 0.205770 3.160950 -0.885873
v 0.199811 3.156811 -0.811277
v 0.205770 3.160950 -0.736680
v 0.223419 3.173208 -0.664950
v 0.252080 3.193115 -0.598843
v 0.290651 3.219905 -0.540900
v 0.337651 3.252548 -0.493348
v 0.391272 3.289791 -0.458013
v 0.449454 3.330202 -0.436254
v 0.507780 3.369859 -1.117283
v 0.410952 3.268516 -1.164541
v 0.363423 3.219905 -1.129206
v 0.323454 3.178358 -1.081653
v 0.290652 3.144261 -1.023710
v 0.266277 3.118924 -0.957603
v 0.251268 3.103322 -0.885873
v 0.246200 3.098054 -0.811277
v 0.251268 3.103322 -0.736680
v 0.266277 3.118924 -0.664950
v 0.290652 3.144261 -0.598843
v 0.323454 3.178358 -0.540900
v 0.363423 3.219905 -0.493348
v 0.409024 3.267306 -0.458013
v 0.458504 3.318739 -0.436254
v 0.508247 3.369443 -1.117283
v 0.432584 3.250063 -1.164541
v 0.394827 3.193115 -1.129206
v 0.363423 3.144261 -1.081653
v 0.337651 3.104167 -1.023710
v 0.318500 3.074374 -0.957603
v 0.306707 3.056028 -0.885873
v 0.302725 3.049834 -0.811277
v 0.306707 3.056028 -0.736680
v 0.318500 3.074374 -0.664950
v 0.337651 3.104167 -0.598843
v 0.363423 3.144261 -0.540900
v 0.394827 3.193115 -0.493348
v 0.430655 3.248853 -0.458013
v 0.469532 3.309332 -0.436254
v 0.508781 3.369133 -1.117283
v 0.457263 3.236351 -1.164541
v 0.430656 3.173208 -1.129206
v 0.409024 3.118924 -1.081653
v 0.391272 3.074374 -1.023710
v 0.378080 3.041271 -0.957603
v 0.369957 3.020886 -0.885873
v 0.367215 3.014003 -0.811277
v 0.369957 3.020886 -0.736680
v 0.378080 3.041271 -0.664950
v 0.391272 3.074374 -0.598843
v 0.409024 3.118924 -0.540900
v 0.430656 3.173208 -0.493348
v 0.455334 3.235141 -0.458013
v 0.482113 3.302341 -0.436254
v 0.509359 3.368942 -1.117283
v 0.484041 3.227907 -1.164541
v 0.469532 3.160950 -1.129206
v 0.458504 3.103322 -1.081653
v 0.449454 3.056028 -1.023710
v 0.442729 3.020886 -0.957603
v 0.438588 2.999245 -0.885873
v 0.437190 2.991938 -0.811277
v 0.438588 2.999245 -0.736680
v 0.442729 3.020886 -0.664950
v 0.449454 3.056028 -0.598843
v 0.458504 3.103322 -0.540900
v 0.469532 3.160950 -0.493348
v 0.482113 3.226697 -0.458013
v 0.495764 3.298037 -0.436254
v 0.509961 3.368878 -1.117283
v 0.511889 3.225056 -1.164541
v 0.509961 3.098054 -1.081653
v 0.509961 3.014003 -0.957603
v 0.509961 3.014003 -0.664950
v 0.509961 3.098054 -0.540900
v 0.509961 3.156811 -0.493348
v 0.509961 3.223846 -0.458013
v 0.509961 3.296583 -0.436254
v 0.537810 3.303652 -1.140306
v 0.524158 3.299348 -1.140306
v 0.550391 3.310643 -1.140306
v 0.561419 3.320050 -1.140306
v 0.570469 3.331513 -1.140306
v 0.577194 3.344591 -1.140306
v 0.581335 3.358781 -1.140306
v 0.582733 3.373538 -1.140306
v 0.581335 3.388296 -1.140306
v 0.577194 3.402486 -1.140306
v 0.570469 3.415564 -1.140306
v 0.561419 3.427027 -1.140306
v 0.550391 3.436435 -1.140306
v 0.537810 3.443425 -1.140306
v 0.524158 3.447729 -1.140306
v 0.509961 3.449183 -1.140306
v 0.495764 3.447729 -1.140306
v 0.482113 3.443425 -1.140306
v 0.469532 3.436435 -1.140306
v 0.458504 3.427027 -1.140306
v 0.449454 3.415564 -1.140306
v 0.442729 3.402486 -1.140306
v 0.438588 3.388296 -1.140306
v 0.437190 3.373538 -1.140306
v 0.438588 3.358781 -1.140306
v 0.442729 3.344591 -1.140306
v 0.449454 3.331513 -1.140306
v 0.458504 3.320050 -1.140306
v 0.469532 3.310643 -1.140306
v 0.482113 3.303652 -1.140306
v 0.495764 3.299348 -1.140306
v 0.509961 3.297894 -1.140306
v 0.536292 3.234628 -1.163622
v 0.561611 3.242611 -1.163622
v 0.584945 3.255576 -1.163622
v 0.605398 3.273024 -1.163622
v 0.622183 3.294284 -1.163622
v 0.634655 3.318539 -1.163622
v 0.642335 3.344857 -1.163622
v 0.644929 3.372227 -1.163622
v 0.642335 3.399598 -1.163622
v 0.634655 3.425916 -1.163622
v 0.622183 3.450171 -1.163622
v 0.605398 3.471431 -1.163622
v 0.584945 3.488878 -1.163622
v 0.561611 3.501843 -1.163622
v 0.536292 3.509827 -1.163622
v 0.509961 3.512523 -1.163622
v 0.483630 3.509827 -1.163622
v 0.458311 3.501843 -1.163622
v 0.434977 3.488878 -1.163622
v 0.414525 3.471431 -1.163622
v 0.397740 3.450171 -1.163622
v 0.385268 3.425916 -1.163622
v 0.377587 3.399598 -1.163622
v 0.374994 3.372227 -1.163622
v 0.377587 3.344857 -1.163622
v 0.385268 3.318539 -1.163622
v 0.397740 3.294284 -1.163622
v 0.414525 3.273024 -1.163622
v 0.434977 3.255576 -1.163622
v 0.458311 3.242612 -1.163622
v 0.483630 3.234628 -1.163622
v 0.509961 3.231932 -1.163622
vn -0.0000 -0.0000 -1.0000
vn -0.0003 -0.5515 -0.8342
vn -0.0000 -0.8298 -0.5581
vn -0.0000 -0.9805 -0.1965
vn -0.0000 -1.0000 -0.0000
vn -0.0000 -0.9805 0.1966
vn -0.0000 -0.8298 0.5581
vn -0.0000 -0.0000 1.0000
vn -0.0407 0.1894 -0.9811
vn 0.0389 -0.1907 -0.9809
vn 0.1116 -0.5417 -0.8331
vn 0.1429 -0.6911 -0.7085
vn 0.1681 -0.8130 -0.5575
vn 0.1869 -0.9040 -0.3846
vn 0.1985 -0.9602 -0.1963
vn 0.2025 -0.9793 -0.0000
vn 0.1985 -0.9602 0.1963
vn 0.1869 -0.9040 0.3846
vn 0.1681 -0.8130 0.5575
vn 0.1429 -0.6911 0.7085
vn 0.1124 -0.5435 0.8318
vn 0.0777 -0.3759 0.9234
vn 0.0402 -0.1945 0.9801
vn -0.0798 0.1775 -0.9809
vn 0.0787 -0.1839 -0.9798
vn 0.2194 -0.5107 -0.8313
vn 0.2797 -0.6496 -0.7069
vn 0.3287 -0.7635 -0.5559
vn 0.3653 -0.8484 -0.3832
vn 0.3878 -0.9008 -0.1954
vn 0.3955 -0.9185 -0.0000
vn 0.3878 -0.9008 0.1954
vn 0.3653 -0.8484 0.3832
vn 0.3287 -0.7635 0.5559
vn 0.2797 -0.6496 0.7069
vn 0.2201 -0.5113 0.8307
vn 0.1523 -0.3538 0.9228
vn 0.0789 -0.1832 0.9799
vn -0.1148 0.1587 -0.9806
vn 0.1171 -0.1692 -0.9786
vn 0.3188 -0.4597 -0.8289
vn 0.4048 -0.5828 -0.7047
vn 0.4751 -0.6841 -0.5534
vn 0.5274 -0.7594 -0.3811
vn 0.5596 -0.8057 -0.1942
vn 0.5705 -0.8213 -0.0000
vn 0.5596 -0.8057 0.1942
vn 0.5274 -0.7594 0.3811
vn 0.4751 -0.6841 0.5534
vn 0.4048 -0.5828 0.7047
vn 0.3190 -0.4592 0.8291
vn 0.2210 -0.3181 0.9219
vn 0.1145 -0.1648 0.9797
vn -0.1447 0.1337 -0.9804
vn 0.1522 -0.1467 -0.9774
vn 0.4057 -0.3908 -0.8262
vn 0.5132 -0.4937 -0.7020
vn 0.6016 -0.5788 -0.5505
vn 0.6670 -0.6417 -0.3787
vn 0.7071 -0.6803 -0.1929
vn 0.7207 -0.6933 -0.0000
vn 0.7071 -0.6803 0.1929
vn 0.6670 -0.6417 0.3787
vn 0.6016 -0.5788 0.5505
vn 0.5132 -0.4937 0.7020
vn 0.4050 -0.3896 0.8271
vn 0.2809 -0.2702 0.9209
vn 0.1456 -0.1401 0.9794
vn -0.1685 0.1041 -0.9802
vn 0.1822 -0.1173 -0.9763
vn 0.4770 -0.3070 -0.8235
vn 0.6012 -0.3865 -0.6994
vn 0.7038 -0.4524 -0.5477
vn 0.7794 -0.5010 -0.3763
vn 0.8256 -0.5307 -0.1915
vn 0.8412 -0.5407 -0.0000
vn 0.8256 -0.5307 0.1915
vn 0.7794 -0.5010 0.3763
vn 0.7038 -0.4524 0.5477
vn 0.6012 -0.3865 0.6994
vn 0.4751 -0.3054 0.8252
vn 0.3299 -0.2121 0.9199
vn 0.1712 -0.1100 0.9791
vn -0.1855 0.0711 -0.9801
vn 0.2054 -0.0819 -0.9752
vn 0.5299 -0.2115 -0.8212
vn 0.6660 -0.2654 -0.6972
vn 0.7787 -0.3103 -0.5454
vn 0.8614 -0.3433 -0.3743
vn 0.9120 -0.3634 -0.1904
vn 0.9290 -0.3702 -0.0000
vn 0.9120 -0.3634 0.1904
vn 0.8614 -0.3433 0.3743
vn 0.7787 -0.3103 0.5454
vn 0.6660 -0.2654 0.6972
vn 0.5269 -0.2100 0.8236
vn 0.3663 -0.1460 0.9190
vn 0.1902 -0.0758 0.9788
vn -0.1955 0.0361 -0.9800
vn 0.2207 -0.0423 -0.9744
vn 0.5628 -0.1080 -0.8195
vn 0.7055 -0.1350 -0.6957
vn 0.8243 -0.1577 -0.5438
vn 0.9113 -0.1744 -0.3730
vn 0.9644 -0.1845 -0.1896
vn 0.9822 -0.1879 -0.0000
vn 0.9644 -0.1845 0.1896
vn 0.9113 -0.1744 0.3730
vn 0.8243 -0.1577 0.5438
vn 0.7055 -0.1350 0.6957
vn 0.5586 -0.1069 0.8225
vn 0.3886 -0.0744 0.9184
vn 0.2019 -0.0386 0.9787
vn -0.1985 0.0002 -0.9801
vn 0.2271 -0.0000 -0.9739
vn 0.5743 -0.0002 -0.8187
vn 0.7188 -0.0000 -0.6952
vn 0.8396 -0.0000 -0.5433
vn 0.9280 -0.0000 -0.3725
vn 0.9819 -0.0000 -0.1894
vn 1.0000 -0.0000 -0.0000
vn 0.9819 -0.0000 0.1894
vn 0.9280 -0.0000 0.3725
vn 0.8396 -0.0000 0.5433
vn 0.7188 -0.0000 0.6952
vn 0.5693 -0.0000 0.8221
vn 0.3961 -0.0000 0.9182
vn 0.2058 -0.0000 0.9786
vn -0.1944 -0.0355 -0.9803
vn 0.2242 0.0429 -0.9736
vn 0.5640 0.1078 -0.8187
vn 0.7055 0.1350 -0.6957
vn 0.8243 0.1577 -0.5438
vn 0.9113 0.1744 -0.3730
vn 0.9644 0.1845 -0.1896
vn 0.9822 0.1880 -0.0000
vn 0.9644 0.1845 0.1896
vn 0.9113 0.1744 0.3730
vn 0.8243 0.1577 0.5438
vn 0.7055 0.1350 0.6957
vn 0.5586 0.1069 0.8225
vn 0.3886 0.0744 0.9184
vn 0.2019 0.0386 0.9787
vn -0.1833 -0.0699 -0.9806
vn 0.2120 0.0845 -0.9736
vn 0.5323 0.2120 -0.8196
vn 0.6660 0.2654 -0.6972
vn 0.7787 0.3103 -0.5454
vn 0.8614 0.3433 -0.3743
vn 0.9120 0.3634 -0.1904
vn 0.9290 0.3702 -0.0000
vn 0.9120 0.3634 0.1904
vn 0.8614 0.3433 0.3743
vn 0.7787 0.3103 0.5454
vn 0.6660 0.2654 0.6972
vn 0.5269 0.2100 0.8236
vn 0.3663 0.1460 0.9190
vn 0.1902 0.0758 0.9788
vn -0.1657 -0.1019 -0.9809
vn 0.1910 0.1228 -0.9739
vn 0.4800 0.3086 -0.8212
vn 0.6012 0.3865 -0.6994
vn 0.7038 0.4524 -0.5477
vn 0.7794 0.5010 -0.3763
vn 0.8256 0.5307 -0.1915
vn 0.8412 0.5407 -0.0000
vn 0.8256 0.5307 0.1915
vn 0.7794 0.5010 0.3763
vn 0.7038 0.4524 0.5477
vn 0.6012 0.3865 0.6994
vn 0.4751 0.3054 0.8252
vn 0.3299 0.2121 0.9199
vn 0.1712 0.1100 0.9791
vn -0.1417 -0.1305 -0.9813
vn 0.1622 0.1560 -0.9744
vn 0.4090 0.3936 -0.8233
vn 0.5132 0.4937 -0.7020
vn 0.6016 0.5788 -0.5505
vn 0.6670 0.6417 -0.3787
vn 0.7071 0.6803 -0.1929
vn 0.7207 0.6933 -0.0000
vn 0.7071 0.6803 0.1929
vn 0.6670 0.6417 0.3787
vn 0.6016 0.5788 0.5505
vn 0.5132 0.4937 0.7020
vn 0.4050 0.3896 0.8271
vn 0.2809 0.2702 0.9209
vn 0.1456 0.1401 0.9794
vn -0.1120 -0.1545 -0.9816
vn 0.1268 0.1826 -0.9750
vn 0.3218 0.4637 -0.8255
vn 0.4048 0.5828 -0.7047
vn 0.4751 0.6841 -0.5534
vn 0.5274 0.7593 -0.3811
vn 0.5596 0.8057 -0.1942
vn 0.5705 0.8213 -0.0000
vn 0.5596 0.8057 0.1942
vn 0.5274 0.7593 0.3811
vn 0.4751 0.6841 0.5534
vn 0.4048 0.5828 0.7047
vn 0.3190 0.4592 0.8291
vn 0.2210 0.3181 0.9219
vn 0.1145 0.1648 0.9797
vn -0.0776 -0.1727 -0.9819
vn 0.0867 0.2014 -0.9757
vn 0.2218 0.5157 -0.8276
vn 0.2797 0.6496 -0.7069
vn 0.3287 0.7635 -0.5559
vn 0.3653 0.8484 -0.3832
vn 0.3878 0.9008 -0.1954
vn 0.3955 0.9185 -0.0000
vn 0.3878 0.9008 0.1954
vn 0.3653 0.8484 0.3832
vn 0.3287 0.7635 0.5559
vn 0.2797 0.6496 0.7069
vn 0.2201 0.5113 0.8307
vn 0.1523 0.3538 0.9228
vn 0.0789 0.1832 0.9799
vn -0.0397 -0.1841 -0.9821
vn 0.0437 0.2116 -0.9764
vn 0.1129 0.5474 -0.8292
vn 0.1429 0.6911 -0.7085
vn 0.1681 0.8130 -0.5575
vn 0.1869 0.9040 -0.3846
vn 0.1985 0.9602 -0.1963
vn 0.2025 0.9793 -0.0000
vn 0.1985 0.9602 0.1963
vn 0.1869 0.9040 0.3846
vn 0.1681 0.8130 0.5575
vn 0.1429 0.6911 0.7085
vn 0.1124 0.5435 0.8318
vn 0.0777 0.3759 0.9234
vn 0.0402 0.1945 0.9801
vn -0.0000 -0.1880 -0.9822
vn -0.0001 0.2129 -0.9771
vn -0.0004 0.5574 -0.8303
vn -0.0000 0.7052 -0.7090
vn -0.0000 0.8298 -0.5581
vn -0.0000 0.9229 -0.3851
vn -0.0000 0.9805 -0.1965
vn -0.0000 1.0000 -0.0000
vn -0.0000 0.9805 0.1965
vn -0.0000 0.9229 0.3851
vn -0.0000 0.8298 0.5581
vn -0.0000 0.7052 0.7090
vn -0.0000 0.5544 0.8322
vn -0.0000 0.3833 0.9236
vn -0.0000 0.1983 0.9801
vn 0.0397 -0.1841 -0.9821
vn -0.0427 0.2054 -0.9777
vn -0.1132 0.5453 -0.8305
vn -0.1429 0.6911 -0.7085
vn -0.1681 0.8130 -0.5575
vn -0.1869 0.9040 -0.3846
vn -0.1985 0.9602 -0.1963
vn -0.2025 0.9793 -0.0000
vn -0.1985 0.9602 0.1963
vn -0.1869 0.9040 0.3846
vn -0.1681 0.8130 0.5575
vn -0.1429 0.6911 0.7085
vn -0.1124 0.5435 0.8318
vn -0.0777 0.3759 0.9234
vn -0.0402 0.1945 0.9801
vn 0.0776 -0.1727 -0.9819
vn -0.0820 0.1898 -0.9784
vn -0.2209 0.5119 -0.8302
vn -0.2797 0.6496 -0.7069
vn -0.3287 0.7635 -0.5559
vn -0.3653 0.8484 -0.3832
vn -0.3878 0.9008 -0.1954
vn -0.3955 0.9185 -0.0000
vn -0.3878 0.9008 0.1954
vn -0.3653 0.8484 0.3832
vn -0.3287 0.7635 0.5559
vn -0.2797 0.6496 0.7069
vn -0.2201 0.5113 0.8307
vn -0.1523 0.3538 0.9228
vn -0.0789 0.1832 0.9799
vn 0.1120 -0.1545 -0.9816
vn -0.1166 0.1671 -0.9790
vn -0.3191 0.4588 -0.8293
vn -0.4048 0.5828 -0.7047
vn -0.4751 0.6841 -0.5534
vn -0.5274 0.7594 -0.3811
vn -0.5596 0.8057 -0.1942
vn -0.5705 0.8213 -0.0000
vn -0.5596 0.8057 0.1942
vn -0.5274 0.7594 0.3811
vn -0.4751 0.6841 0.5534
vn -0.4048 0.5828 0.7047
vn -0.3190 0.4592 0.8291
vn -0.2210 0.3181 0.9219
vn -0.1145 0.1648 0.9797
vn 0.1416 -0.1305 -0.9813
vn -0.1449 0.1387 -0.9797
vn -0.4043 0.3884 -0.8281
vn -0.5132 0.4937 -0.7020
vn -0.6016 0.5788 -0.5505
vn -0.6670 0.6417 -0.3787
vn -0.7071 0.6803 -0.1929
vn -0.7207 0.6933 -0.0000
vn -0.7071 0.6803 0.1929
vn -0.6670 0.6417 0.3787
vn -0.6016 0.5788 0.5505
vn -0.5132 0.4937 0.7020
vn -0.4050 0.3896 0.8271
vn -0.2809 0.2702 0.9209
vn -0.1456 0.1401 0.9794
vn 0.1657 -0.1019 -0.9809
vn -0.1662 0.1062 -0.9804
vn -0.4733 0.3038 -0.8268
vn -0.6012 0.3865 -0.6994
vn -0.7038 0.4524 -0.5477
vn -0.7794 0.5010 -0.3763
vn -0.8256 0.5307 -0.1915
vn -0.8412 0.5407 -0.0000
vn -0.8256 0.5307 0.1915
vn -0.7794 0.5010 0.3763
vn -0.7038 0.4524 0.5477
vn -0.6012 0.3865 0.6994
vn -0.4751 0.3054 0.8252
vn -0.3299 0.2121 0.9199
vn -0.1712 0.1100 0.9791
vn 0.1833 -0.0699 -0.9806
vn -0.1800 0.0711 -0.9811
vn -0.5239 0.2084 -0.8259
vn -0.6660 0.2654 -0.6972
vn -0.7787 0.3103 -0.5454
vn -0.8614 0.3433 -0.3743
vn -0.9120 0.3634 -0.1904
vn -0.9290 0.3702 -0.0000
vn -0.9120 0.3634 0.1904
vn -0.8614 0.3433 0.3743
vn -0.7787 0.3103 0.5454
vn -0.6660 0.2654 0.6972
vn -0.5269 0.2100 0.8236
vn -0.3663 0.1460 0.9190
vn -0.1902 0.0758 0.9788
vn 0.1944 -0.0355 -0.9803
vn -0.1864 0.0350 -0.9818
vn -0.5546 0.1059 -0.8253
vn -0.7055 0.1350 -0.6957
vn -0.8243 0.1577 -0.5438
vn -0.9113 0.1744 -0.3730
vn -0.9644 0.1845 -0.1896
vn -0.9822 0.1879 -0.0000
vn -0.9644 0.1845 0.1896
vn -0.9113 0.1744 0.3730
vn -0.8243 0.1577 0.5438
vn -0.7055 0.1350 0.6957
vn -0.5586 0.1069 0.8225
vn -0.3886 0.0744 0.9184
vn -0.2019 0.0386 0.9787
vn 0.1985 0.0002 -0.9801
vn -0.1860 -0.0006 -0.9826
vn -0.5645 -0.0002 -0.8254
vn -0.7188 -0.0000 -0.6952
vn -0.8396 -0.0000 -0.5433
vn -0.9280 -0.0000 -0.3725
vn -0.9819 -0.0000 -0.1894
vn -1.0000 -0.0000 -0.0000
vn -0.9819 -0.0000 0.1894
vn -0.9280 -0.0000 0.3725
vn -0.8396 -0.0000 0.5433
vn -0.7188 -0.0000 0.6952
vn -0.5693 -0.0000 0.8221
vn -0.3961 -0.0000 0.9182
vn -0.2058 -0.0000 0.9786
vn 0.1955 0.0361 -0.9800
vn -0.1793 -0.0347 -0.9832
vn -0.5535 -0.1060 -0.8261
vn -0.7055 -0.1350 -0.6957
vn -0.8243 -0.1577 -0.5438
vn -0.9113 -0.1744 -0.3730
vn -0.9644 -0.1845 -0.1896
vn -0.9822 -0.1880 -0.0000
vn -0.9644 -0.1845 0.1896
vn -0.9113 -0.1744 0.3730
vn -0.8243 -0.1577 0.5438
vn -0.7055 -0.1350 0.6957
vn -0.5586 -0.1069 0.8225
vn -0.3886 -0.0744 0.9184
vn -0.2019 -0.0386 0.9787
vn 0.1855 0.0711 -0.9801
vn -0.1672 -0.0668 -0.9836
vn -0.5218 -0.2080 -0.8273
vn -0.6660 -0.2654 -0.6972
vn -0.7787 -0.3103 -0.5454
vn -0.8614 -0.3433 -0.3743
vn -0.9120 -0.3634 -0.1904
vn -0.9290 -0.3702 -0.0000
vn -0.9120 -0.3634 0.1904
vn -0.8614 -0.3433 0.3743
vn -0.7787 -0.3103 0.5454
vn -0.6660 -0.2654 0.6972
vn -0.5269 -0.2100 0.8236
vn -0.3663 -0.1460 0.9190
vn -0.1902 -0.0758 0.9788
vn 0.1685 0.1041 -0.9802
vn -0.1503 -0.0965 -0.9839
vn -0.4705 -0.3024 -0.8290
vn -0.6012 -0.3865 -0.6994
vn -0.7038 -0.4524 -0.5477
vn -0.7794 -0.5010 -0.3763
vn -0.8256 -0.5307 -0.1915
vn -0.8412 -0.5407 -0.0000
vn -0.8256 -0.5307 0.1915
vn -0.7794 -0.5010 0.3763
vn -0.7038 -0.4524 0.5477
vn -0.6012 -0.3865 0.6994
vn -0.4751 -0.3054 0.8252
vn -0.3299 -0.2121 0.9199
vn -0.1712 -0.1100 0.9791
vn 0.1447 0.1337 -0.9804
vn -0.1288 -0.1235 -0.9839
vn -0.4012 -0.3858 -0.8308
vn -0.5132 -0.4937 -0.7020
vn -0.6016 -0.5788 -0.5505
vn -0.6670 -0.6417 -0.3787
vn -0.7071 -0.6803 -0.1929
vn -0.7207 -0.6933 -0.0000
vn -0.7071 -0.6803 0.1929
vn -0.6670 -0.6417 0.3787
vn -0.6016 -0.5788 0.5505
vn -0.5132 -0.4937 0.7020
vn -0.4050 -0.3896 0.8271
vn -0.2809 -0.2702 0.9209
vn -0.1456 -0.1401 0.9794
vn 0.1148 0.1587 -0.9806
vn -0.1028 -0.1472 -0.9837
vn -0.3162 -0.4550 -0.8325
vn -0.4048 -0.5828 -0.7047
vn -0.4751 -0.6841 -0.5534
vn -0.5274 -0.7593 -0.3811
vn -0.5596 -0.8057 -0.1942
vn -0.5705 -0.8213 -0.0000
vn -0.5596 -0.8057 0.1942
vn -0.5274 -0.7593 0.3811
vn -0.4751 -0.6841 0.5534
vn -0.4048 -0.5828 0.7047
vn -0.3190 -0.4592 0.8291
vn -0.2210 -0.3181 0.9219
vn -0.1145 -0.1648 0.9797
vn 0.0798 0.1775 -0.9809
vn -0.0725 -0.1668 -0.9833
vn -0.2186 -0.5071 -0.8337
vn -0.2797 -0.6496 -0.7069
vn -0.3287 -0.7635 -0.5559
vn -0.3653 -0.8484 -0.3832
vn -0.3878 -0.9008 -0.1954
vn -0.3955 -0.9185 -0.0000
vn -0.3878 -0.9008 0.1954
vn -0.3653 -0.8484 0.3832
vn -0.3287 -0.7635 0.5559
vn -0.2797 -0.6496 0.7069
vn -0.2201 -0.5113 0.8307
vn -0.1523 -0.3538 0.9228
vn -0.0789 -0.1832 0.9799
vn 0.0408 0.1894 -0.9811
vn -0.0382 -0.1813 -0.9827
vn -0.1119 -0.5398 -0.8343
vn -0.1429 -0.6911 -0.7085
vn -0.1681 -0.8130 -0.5575
vn -0.1869 -0.9040 -0.3846
vn -0.1985 -0.9602 -0.1963
vn -0.2025 -0.9793 -0.0000
vn -0.1985 -0.9602 0.1963
vn -0.1869 -0.9040 0.3846
vn -0.1681 -0.8130 0.5575
vn -0.1429 -0.6911 0.7085
vn -0.1124 -0.5435 0.8318
vn -0.0777 -0.3759 0.9234
vn -0.0402 -0.1945 0.9801
vn -0.0000 0.1935 -0.9811
vn -0.0006 -0.1896 -0.9819
vn -0.0000 -0.7052 -0.7090
vn -0.0000 -0.9229 -0.3851
vn -0.0000 -0.9229 0.3851
vn -0.0000 -0.7052 0.7090
vn -0.0000 -0.5544 0.8322
vn -0.0000 -0.3833 0.9236
vn -0.0000 -0.1983 0.9801
vn -0.1280 0.2969 -0.9463
vn -0.0653 0.3154 -0.9467
vn -0.1857 0.2670 -0.9456
vn -0.2362 0.2268 -0.9449
vn -0.2775 0.1780 -0.9441
vn -0.3082 0.1224 -0.9434
vn -0.3271 0.0622 -0.9429
vn -0.3335 -0.0004 -0.9427
vn -0.3273 -0.0630 -0.9428
vn -0.3086 -0.1233 -0.9432
vn -0.2781 -0.1791 -0.9437
vn -0.2368 -0.2281 -0.9444
vn -0.1862 -0.2685 -0.9451
vn -0.1284 -0.2986 -0.9457
vn -0.0655 -0.3172 -0.9461
vn -0.0000 -0.3235 -0.9462
vn 0.0655 -0.3172 -0.9461
vn 0.1284 -0.2986 -0.9457
vn 0.1862 -0.2685 -0.9451
vn 0.2368 -0.2281 -0.9444
vn 0.2781 -0.1791 -0.9437
vn 0.3086 -0.1233 -0.9432
vn 0.3273 -0.0630 -0.9428
vn 0.3335 -0.0004 -0.9427
vn 0.3271 0.0622 -0.9429
vn 0.3082 0.1224 -0.9434
vn 0.2775 0.1780 -0.9441
vn 0.2362 0.2268 -0.9449
vn 0.1857 0.2670 -0.9456
vn 0.1280 0.2969 -0.9463
vn 0.0653 0.3154 -0.9467
vn -0.0000 0.3217 -0.9469
vn -0.0441 0.2204 -0.9744
vn -0.0866 0.2045 -0.9750
vn -0.1246 0.1816 -0.9754
vn -0.1571 0.1527 -0.9757
vn -0.1831 0.1189 -0.9759
vn -0.2020 0.0814 -0.9760
vn -0.2134 0.0416 -0.9761
vn -0.2169 0.0006 -0.9762
vn -0.2125 -0.0402 -0.9763
vn -0.2003 -0.0795 -0.9765
vn -0.1806 -0.1160 -0.9767
vn -0.1541 -0.1483 -0.9769
vn -0.1216 -0.1755 -0.9769
vn -0.0841 -0.1964 -0.9769
vn -0.0428 -0.2101 -0.9767
vn 0.0008 -0.2162 -0.9764
vn 0.0453 -0.2142 -0.9757
vn 0.0891 -0.2039 -0.9749
vn 0.1305 -0.1856 -0.9739
vn 0.1680 -0.1596 -0.9728
vn 0.2000 -0.1268 -0.9716
vn 0.2250 -0.0880 -0.9704
vn 0.2416 -0.0448 -0.9693
vn 0.2487 0.0012 -0.9686
vn 0.2457 0.0479 -0.9682
vn 0.2323 0.0931 -0.9682
vn 0.2092 0.1345 -0.9686
vn 0.1773 0.1700 -0.9694
vn 0.1385 0.1980 -0.9704
vn 0.0948 0.2173 -0.9715
vn 0.0484 0.2274 -0.9726
vn 0.0014 0.2283 -0.9736
vt 0.089471 0.626207
vt 0.123561 0.602908
vt 0.126870 0.610580
vt 0.478912 0.092485
vt 0.500227 0.148514
vt 0.460142 0.131694
vt 0.875540 0.509614
vt 0.876072 0.507755
vt 0.875893 0.509686
vt 0.165763 0.591818
vt 0.482650 0.189193
vt 0.443334 0.172695
vt 0.866461 0.548570
vt 0.873664 0.587975
vt 0.858249 0.584728
vt 0.466170 0.229456
vt 0.429136 0.213915
vt 0.858312 0.588879
vt 0.865426 0.632274
vt 0.841758 0.627287
vt 0.451422 0.267754
vt 0.418092 0.253768
vt 0.826443 0.661044
vt 0.856567 0.667390
vt 0.438973 0.302618
vt 0.410628 0.290724
vt 0.519410 0.025348
vt 0.567926 0.011894
vt 0.552740 0.039334
vt 0.429300 0.332706
vt 0.407030 0.323361
vt 0.498925 0.056577
vt 0.535959 0.072117
vt 0.055004 0.638098
vt 0.082981 0.611157
vt 0.518228 0.108983
vt 0.573384 0.088717
vt 0.040779 0.593054
vt 0.079673 0.595180
vt 0.557958 0.126605
vt 0.121875 0.594763
vt 0.540735 0.166482
vt 0.876254 0.509685
vt 0.522380 0.206816
vt 0.874772 0.550321
vt 0.889380 0.588099
vt 0.503595 0.246056
vt 0.874615 0.592313
vt 0.889558 0.632465
vt 0.485104 0.282694
vt 0.887281 0.667633
vt 0.467616 0.315323
vt 0.586421 0.054274
vt 0.451805 0.342689
vt 0.539972 0.263077
vt 0.891238 0.592445
vt 0.913226 0.627852
vt 0.517842 0.298013
vt 0.917405 0.661763
vt 0.495458 0.328351
vt 0.596569 0.024599
vt 0.619160 0.069593
vt 0.006689 0.558365
vt 0.040779 0.569404
vt 0.609761 0.105739
vt 0.079673 0.578890
vt 0.596575 0.144675
vt 0.121875 0.586458
vt 0.580110 0.184906
vt 0.876608 0.509609
vt 0.560997 0.224886
vt 0.883246 0.550388
vt 0.904795 0.585096
vt 0.082981 0.562913
vt 0.643692 0.122528
vt 0.632597 0.162499
vt 0.123561 0.578313
vt 0.616837 0.203079
vt 0.876943 0.509461
vt 0.597019 0.242709
vt 0.891558 0.548769
vt 0.919315 0.579079
vt 0.573904 0.279867
vt 0.907541 0.589268
vt 0.935521 0.618614
vt 0.548380 0.313123
vt 0.945781 0.650005
vt 0.521428 0.341201
vt 0.624411 0.037627
vt 0.649697 0.084703
vt 0.045582 0.546209
vt 0.604086 0.295778
vt 0.575543 0.327443
vt 0.971319 0.632811
vt 0.544529 0.353379
vt 0.385819 0.687596
vt 0.358311 0.644556
vt 0.395692 0.667410
vt 0.012802 0.528843
vt 0.055004 0.524359
vt 0.673874 0.138440
vt 0.089471 0.547863
vt 0.664638 0.179391
vt 0.126870 0.570641
vt 0.649506 0.220302
vt 0.877245 0.509248
vt 0.629060 0.259601
vt 0.899387 0.545525
vt 0.932383 0.570281
vt 0.922898 0.582904
vt 0.955586 0.605105
vt 0.098892 0.534318
vt 0.131673 0.563736
vt 0.521775 0.700629
vt 0.489233 0.665554
vt 0.532182 0.669590
vt 0.877504 0.508978
vt 0.655889 0.274912
vt 0.906433 0.540781
vt 0.943496 0.559040
vt 0.629358 0.310201
vt 0.936719 0.573599
vt 0.972650 0.587845
vt 0.598288 0.340424
vt 0.993037 0.610842
vt 0.000000 0.478782
vt 0.042202 0.476006
vt 0.024793 0.501034
vt 0.365670 0.622608
vt 0.404346 0.641603
vt 0.068682 0.504695
vt 0.446068 0.656104
vt 0.436452 0.684780
vt 0.479025 0.695996
vt 0.331527 0.599850
vt 0.371709 0.596722
vt 0.020471 0.449353
vt 0.064359 0.454722
vt 0.411447 0.611164
vt 0.086091 0.487973
vt 0.453959 0.622282
vt 0.110884 0.522799
vt 0.497610 0.629650
vt 0.137786 0.557863
vt 0.540724 0.632982
vt 0.877708 0.508660
vt 0.581643 0.632153
vt 0.573266 0.668058
vt 0.912425 0.534720
vt 0.952228 0.545787
vt 0.618795 0.627193
vt 0.610904 0.661015
vt 0.948473 0.561710
vt 0.986057 0.567496
vt 0.033272 0.397951
vt 0.046525 0.424326
vt 0.503835 0.589663
vt 0.547070 0.592212
vt 0.877850 0.508307
vt 0.144974 0.553250
vt 0.587867 0.592166
vt 0.917132 0.527574
vt 0.958242 0.531032
vt 0.624658 0.589527
vt 0.957708 0.547693
vt 0.995292 0.544840
vt 0.067314 0.376102
vt 0.077161 0.404662
vt 0.336272 0.579511
vt 0.376197 0.567893
vt 0.090413 0.437999
vt 0.416724 0.577265
vt 0.106561 0.474834
vt 0.459822 0.584616
vt 0.124984 0.513749
vt 0.119363 0.426481
vt 0.378961 0.537229
vt 0.419974 0.541208
vt 0.129307 0.465783
vt 0.463433 0.544551
vt 0.140652 0.507515
vt 0.507668 0.547130
vt 0.152962 0.550071
vt 0.550978 0.548846
vt 0.877924 0.507933
vt 0.591700 0.549634
vt 0.920375 0.519619
vt 0.961308 0.515342
vt 0.628269 0.549462
vt 0.964069 0.532088
vt 1.000000 0.520750
vt 0.656029 0.584395
vt 0.659279 0.548337
vt 0.339798 0.556861
vt 0.877929 0.507552
vt 0.161441 0.548451
vt 0.592995 0.506190
vt 0.922028 0.511159
vt 0.961308 0.499320
vt 0.629488 0.508539
vt 0.967312 0.515494
vt 1.000000 0.496149
vt 0.660376 0.511508
vt 0.341969 0.532768
vt 0.379894 0.505908
vt 0.111202 0.391117
vt 0.150096 0.420608
vt 0.421071 0.504378
vt 0.153454 0.461169
vt 0.464652 0.503628
vt 0.157284 0.504337
vt 0.508962 0.503687
vt 0.552298 0.504552
vt 0.378961 0.475134
vt 0.419974 0.468191
vt 0.181431 0.420608
vt 0.178073 0.461169
vt 0.463433 0.463419
vt 0.174243 0.504337
vt 0.507668 0.461001
vt 0.170086 0.548451
vt 0.550978 0.461030
vt 0.877863 0.507178
vt 0.591700 0.463505
vt 0.922028 0.502521
vt 0.958242 0.483582
vt 0.628269 0.468330
vt 0.967312 0.498549
vt 0.995292 0.471983
vt 0.147340 0.384212
vt 0.186234 0.353379
vt 0.184186 0.384212
vt 0.342702 0.508159
vt 0.587867 0.423218
vt 0.920375 0.494035
vt 0.952228 0.468732
vt 0.624658 0.430381
vt 0.957708 0.466197
vt 0.986057 0.449182
vt 0.226388 0.361052
vt 0.220324 0.391117
vt 0.341969 0.483980
vt 0.376197 0.446089
vt 0.212164 0.426481
vt 0.416724 0.434038
vt 0.202220 0.465783
vt 0.459822 0.425470
vt 0.190875 0.507515
vt 0.503835 0.420715
vt 0.178565 0.550071
vt 0.547070 0.419955
vt 0.877729 0.506827
vt 0.241114 0.437999
vt 0.224966 0.474834
vt 0.453959 0.391239
vt 0.206543 0.513749
vt 0.497610 0.384375
vt 0.186553 0.553249
vt 0.540724 0.382903
vt 0.877532 0.506511
vt 0.581643 0.386879
vt 0.917132 0.486028
vt 0.943496 0.455341
vt 0.618795 0.396150
vt 0.948473 0.452035
vt 0.972650 0.428621
vt 0.264213 0.376102
vt 0.254366 0.404662
vt 0.339798 0.461159
vt 0.371709 0.419889
vt 0.411447 0.403231
vt 0.881487 0.346127
vt 0.925784 0.307233
vt 0.922847 0.336183
vt 0.936719 0.439960
vt 0.955586 0.411091
vt 0.298254 0.397951
vt 0.285002 0.424326
vt 0.336272 0.440575
vt 0.365670 0.397542
vt 0.267168 0.454722
vt 0.404346 0.376954
vt 0.245436 0.487973
vt 0.446068 0.362042
vt 0.220643 0.522799
vt 0.489233 0.353379
vt 0.193741 0.557863
vt 0.837894 0.349484
vt 0.796858 0.315394
vt 0.841072 0.318149
vt 0.877280 0.506243
vt 0.884605 0.315394
vt 0.912425 0.478808
vt 0.932383 0.443924
vt 0.232634 0.534318
vt 0.755970 0.273192
vt 0.799308 0.279256
vt 0.199854 0.563736
vt 0.843570 0.281303
vt 0.876983 0.506032
vt 0.887055 0.279256
vt 0.906433 0.472652
vt 0.919315 0.434920
vt 0.928091 0.273192
vt 0.922898 0.430436
vt 0.935521 0.397265
vt 0.963026 0.293981
vt 0.965103 0.263344
vt 0.945781 0.368280
vt 0.971319 0.385877
vt 0.289325 0.476006
vt 0.713144 0.293981
vt 0.678627 0.250092
vt 0.715221 0.263344
vt 0.262845 0.504695
vt 0.753662 0.307233
vt 0.907541 0.423830
vt 0.913226 0.387674
vt 0.929681 0.235367
vt 0.966533 0.229303
vt 0.917405 0.356074
vt 0.311056 0.449353
vt 0.306734 0.501034
vt 0.679843 0.221142
vt 0.716651 0.229303
vt 0.276523 0.524359
vt 0.757559 0.235367
vt 0.242056 0.547863
vt 0.800995 0.239101
vt 0.204657 0.570641
vt 0.845290 0.240362
vt 0.876652 0.505888
vt 0.888742 0.239101
vt 0.899387 0.467797
vt 0.904795 0.428674
vt 0.758369 0.195213
vt 0.801856 0.196474
vt 0.207965 0.578313
vt 0.846167 0.196899
vt 0.876299 0.505815
vt 0.889602 0.196474
vt 0.883246 0.462678
vt 0.889380 0.425426
vt 0.930491 0.195213
vt 0.891238 0.420395
vt 0.889558 0.382688
vt 0.967262 0.193165
vt 0.887281 0.349727
vt 0.998503 0.190410
vt 0.997883 0.221143
vt 0.680463 0.190410
vt 0.717380 0.193165
vt 0.318725 0.528843
vt 0.285945 0.546209
vt 0.248546 0.562913
vt 0.930491 0.154272
vt 0.967262 0.156319
vt 0.856567 0.349484
vt 0.998503 0.159075
vt 0.680463 0.159075
vt 0.717380 0.156319
vt 0.324838 0.558365
vt 0.290748 0.569404
vt 0.758369 0.154272
vt 0.251854 0.578890
vt 0.801856 0.153011
vt 0.209652 0.586458
vt 0.846167 0.152585
vt 0.875938 0.505817
vt 0.889602 0.153011
vt 0.874772 0.462611
vt 0.873664 0.425302
vt 0.874615 0.420264
vt 0.865426 0.382497
vt 0.251854 0.595180
vt 0.209652 0.594763
vt 0.800995 0.110383
vt 0.845290 0.109122
vt 0.875584 0.505893
vt 0.888742 0.110383
vt 0.866461 0.464231
vt 0.858249 0.428306
vt 0.929681 0.114117
vt 0.858312 0.423441
vt 0.841758 0.387109
vt 0.966533 0.120181
vt 0.826443 0.355355
vt 0.997883 0.128342
vt 0.679843 0.128342
vt 0.716651 0.120181
vt 0.324838 0.588465
vt 0.290748 0.593053
vt 0.757559 0.114117
vt 0.798066 0.367112
vt 0.996666 0.099392
vt 0.678627 0.099392
vt 0.715221 0.086140
vt 0.318725 0.617987
vt 0.285945 0.616249
vt 0.755970 0.076292
vt 0.248546 0.611157
vt 0.799308 0.070228
vt 0.207965 0.602908
vt 0.843570 0.068181
vt 0.875249 0.506040
vt 0.887055 0.070228
vt 0.858632 0.467475
vt 0.843729 0.434322
vt 0.928091 0.076292
vt 0.842955 0.429804
vt 0.819463 0.396347
vt 0.965103 0.086140
vt 0.796858 0.034090
vt 0.841072 0.031335
vt 0.874947 0.506253
vt 0.204657 0.610580
vt 0.884605 0.034090
vt 0.851586 0.472219
vt 0.830661 0.443120
vt 0.925784 0.042251
vt 0.829134 0.439109
vt 0.799398 0.409856
vt 0.963026 0.055503
vt 0.772529 0.384306
vt 0.000000 0.259128
vt 0.040219 0.290619
vt 0.022330 0.297338
vt 0.676861 0.073338
vt 0.713144 0.055503
vt 0.306734 0.645796
vt 0.276523 0.638098
vt 0.753662 0.042251
vt 0.242056 0.626207
vt 0.021036 0.251227
vt 0.062769 0.285388
vt 0.722724 0.389599
vt 0.748262 0.363767
vt 0.064448 0.325657
vt 0.082165 0.321547
vt 0.750725 0.013301
vt 0.232634 0.639752
vt 0.793741 0.003358
vt 0.199854 0.617485
vt 0.837894 -0.000000
vt 0.874688 0.506524
vt 0.000000 0.122550
vt 0.031810 0.158290
vt 0.000532 0.165546
vt 0.845594 0.478280
vt 0.819548 0.454362
vt 0.037098 0.202160
vt 0.007635 0.208995
vt 0.817380 0.450999
vt 0.782334 0.427117
vt 0.047551 0.245076
vt 0.750810 0.406275
vt 0.193741 0.623358
vt 0.031890 0.115152
vt 0.068350 0.153378
vt 0.840886 0.485425
vt 0.810817 0.467614
vt 0.071518 0.197533
vt 0.808146 0.465015
vt 0.768927 0.447466
vt 0.078528 0.240911
vt 0.733747 0.432174
vt 0.089113 0.281846
vt 0.702660 0.420053
vt 0.102863 0.318764
vt 0.676860 0.411569
vt 0.699156 0.377730
vt 0.262845 0.657762
vt 0.220643 0.651271
vt 0.037336 0.074402
vt 0.082359 0.032980
vt 0.073876 0.069490
vt 0.069146 0.110143
vt 0.874484 0.506842
vt 0.118238 0.280130
vt 0.125747 0.317415
vt 0.094267 0.002018
vt 0.120413 0.030738
vt 0.245436 0.674485
vt 0.206543 0.660321
vt 0.114275 0.067109
vt 0.186553 0.627971
vt 0.110336 0.107716
vt 0.874342 0.507195
vt 0.108748 0.150997
vt 0.837644 0.493381
vt 0.804802 0.482369
vt 0.109572 0.195290
vt 0.801785 0.480620
vt 0.759692 0.470121
vt 0.112777 0.238893
vt 0.721993 0.461009
vt 0.688839 0.453959
vt 0.835990 0.501841
vt 0.801736 0.498059
vt 0.149798 0.195519
vt 0.798542 0.497215
vt 0.754984 0.494212
vt 0.148979 0.239099
vt 0.716001 0.491671
vt 0.149026 0.280305
vt 0.681793 0.490014
vt 0.149937 0.317553
vt 0.128515 -0.000000
vt 0.160640 0.030967
vt 0.224966 0.687624
vt 0.190875 0.666555
vt 0.156979 0.067352
vt 0.178565 0.631149
vt 0.153877 0.107963
vt 0.874268 0.507569
vt 0.151452 0.151240
vt 0.164718 0.000206
vt 0.201492 0.033658
vt 0.168599 0.350527
vt 0.151677 0.349412
vt 0.200348 0.070209
vt 0.170086 0.632770
vt 0.198095 0.110877
vt 0.874263 0.507950
vt 0.194821 0.154097
vt 0.835990 0.510479
vt 0.801736 0.514081
vt 0.190651 0.198211
vt 0.798542 0.514160
vt 0.754984 0.518813
vt 0.185746 0.241521
vt 0.716001 0.522982
vt 0.180293 0.282365
vt 0.681793 0.526832
vt 0.174503 0.319171
vt 0.230560 0.203261
vt 0.801785 0.530805
vt 0.759692 0.542978
vt 0.221663 0.246067
vt 0.721993 0.553738
vt 0.210838 0.286230
vt 0.688839 0.562998
vt 0.198502 0.322209
vt 0.201485 0.002628
vt 0.241401 0.038709
vt 0.174243 0.669733
vt 0.153454 0.701288
vt 0.157284 0.669733
vt 0.242715 0.075571
vt 0.161441 0.632770
vt 0.241292 0.116343
vt 0.874329 0.508323
vt 0.237188 0.159459
vt 0.837644 0.518965
vt 0.804802 0.529819
vt 0.140652 0.666555
vt 0.278832 0.045925
vt 0.282451 0.083231
vt 0.152962 0.631150
vt 0.281807 0.124153
vt 0.874463 0.508675
vt 0.276925 0.167119
vt 0.840886 0.526972
vt 0.810817 0.544669
vt 0.267991 0.210477
vt 0.768927 0.565780
vt 0.255350 0.252561
vt 0.733747 0.582759
vt 0.239487 0.291753
vt 0.702660 0.597122
vt 0.221011 0.326548
vt 0.237402 0.007174
vt 0.808146 0.546511
vt 0.782334 0.586340
vt 0.301506 0.219580
vt 0.285513 0.260753
vt 0.750810 0.608928
vt 0.265138 0.298720
vt 0.722725 0.627894
vt 0.241166 0.332022
vt 0.699156 0.642509
vt 0.676860 0.608318
vt 0.129307 0.696674
vt 0.124984 0.660321
vt 0.312348 0.055028
vt 0.318031 0.092895
vt 0.144974 0.627971
vt 0.318084 0.134007
vt 0.874660 0.508991
vt 0.312504 0.176783
vt 0.845594 0.534192
vt 0.819548 0.558060
vt 0.378138 0.055722
vt 0.431651 0.031000
vt 0.407495 0.065333
vt 0.137786 0.623358
vt 0.357393 0.094210
vt 0.387325 0.104010
vt 0.874911 0.509259
vt 0.371917 0.145543
vt 0.342560 0.135932
vt 0.851586 0.540348
vt 0.830662 0.569477
vt 0.329818 0.230221
vt 0.817381 0.560674
vt 0.799398 0.603871
vt 0.310992 0.270330
vt 0.772529 0.631240
vt 0.286807 0.306865
vt 0.748262 0.654130
vt 0.258191 0.338421
vt 0.727532 0.671661
vt 0.106561 0.687624
vt 0.110884 0.651271
vt 0.357548 0.230750
vt 0.393916 0.200032
vt 0.386395 0.241274
vt 0.798066 0.648837
vt 0.383671 0.280098
vt 0.359139 0.271148
vt 0.778292 0.674822
vt 0.086091 0.674485
vt 0.042202 0.670823
vt 0.068682 0.657762
vt 0.458865 0.002330
vt 0.463704 0.042693
vt 0.098893 0.639752
vt 0.441523 0.077746
vt 0.131673 0.617485
vt 0.422020 0.116666
vt 0.875209 0.509469
vt 0.405945 0.157957
vt 0.858632 0.545203
vt 0.843729 0.578481
vt 0.361862 0.188338
vt 0.829134 0.572749
vt 0.819463 0.617697
vt 0.842955 0.582272
vt 0.811659 0.689175
vt 0.385850 0.315012
vt 0.891558 0.464429
vt 0.964069 0.481903
vt 0.539581 0.000000
vt 0.045582 0.616249
vt 0.006689 0.588465
vt 0.650381 0.050477
vt 0.349915 0.661722
vt 0.676861 0.099023
vt 0.676861 0.235913
vt 0.004323 0.425760
vt 0.145293 0.353379
vt 0.331527 0.423017
vt 0.793741 0.346127
vt 0.676861 0.276146
vt 0.331527 0.478782
vt 0.710501 0.029449
vt 0.047939 0.037608
vt 0.202220 0.696674
vt 0.178073 0.701288
vt 0.271089 0.013668
vt 0.403997 0.021946
vt 0.342560 0.188080
vt 0.064359 0.692107
vt 0.487713 0.012853
s 1
usemtl Material.002
f 481/1/481 23/2/23 482/3/482
f 4/4/4 16/5/16 5/6/5
f 474/7/474 1/8/1 9/9/9
f 8/10/8 482/3/482 23/2/23
f 5/6/5 17/11/17 6/12/6
f 514/13/514 515/14/515 546/15/546
f 6/12/6 18/16/18 478/17/478
f 475/18/475 11/19/11 2/20/2
f 478/17/478 19/21/19 7/22/7
f 476/23/476 11/19/11 12/24/12
f 7/22/7 20/25/20 479/26/479
f 3/27/3 12/28/12 13/29/13
f 479/26/479 21/30/21 480/31/480
f 477/32/477 13/29/13 14/33/14
f 480/34/480 22/35/22 481/1/481
f 4/4/4 14/33/14 15/36/15
f 13/29/13 29/37/29 14/33/14
f 22/35/22 36/38/36 37/39/37
f 15/36/15 29/37/29 30/40/30
f 22/35/22 38/41/38 23/2/23
f 15/36/15 31/42/31 16/5/16
f 9/9/9 1/8/1 24/43/24
f 8/10/8 23/2/23 38/41/38
f 16/5/16 32/44/32 17/11/17
f 484/45/484 516/46/516 515/14/515
f 17/11/17 33/47/33 18/16/18
f 10/48/10 26/49/26 11/19/11
f 18/16/18 34/50/34 19/21/19
f 11/19/11 27/51/27 12/24/12
f 19/21/19 35/52/35 20/25/20
f 12/28/12 28/53/28 13/29/13
f 21/30/21 35/52/35 36/54/36
f 32/44/32 48/55/48 33/47/33
f 25/56/25 41/57/41 26/49/26
f 34/50/34 48/55/48 49/58/49
f 26/49/26 42/59/42 27/51/27
f 35/52/35 49/58/49 50/60/50
f 27/61/27 43/62/43 28/53/28
f 36/38/36 50/63/50 51/64/51
f 28/53/28 44/65/44 29/37/29
f 36/38/36 52/66/52 37/39/37
f 29/37/29 45/67/45 30/40/30
f 37/39/37 53/68/53 38/41/38
f 30/40/30 46/69/46 31/42/31
f 24/43/24 1/8/1 39/70/39
f 8/10/8 38/41/38 53/68/53
f 32/44/32 46/69/46 47/71/47
f 483/72/483 517/73/517 516/46/516
f 51/64/51 67/74/67 52/66/52
f 45/67/45 59/75/59 60/76/60
f 52/66/52 68/77/68 53/68/53
f 46/69/46 60/76/60 61/78/61
f 39/70/39 1/8/1 54/79/54
f 8/10/8 53/68/53 68/77/68
f 46/69/46 62/80/62 47/71/47
f 485/81/485 518/82/518 517/73/517
f 47/71/47 63/83/63 48/55/48
f 40/84/40 56/85/56 41/57/41
f 49/58/49 63/83/63 64/86/64
f 41/57/41 57/87/57 42/59/42
f 49/58/49 65/88/65 50/60/50
f 42/89/42 58/90/58 43/62/43
f 50/63/50 66/91/66 51/64/51
f 43/62/43 59/75/59 44/65/44
f 64/86/64 78/92/78 79/93/79
f 56/85/56 72/94/72 57/87/57
f 64/86/64 80/95/80 65/88/65
f 58/96/58 72/97/72 73/98/73
f 65/99/65 81/100/81 66/91/66
f 58/90/58 74/101/74 59/75/59
f 67/74/67 81/100/81 82/102/82
f 60/76/60 74/101/74 75/103/75
f 67/74/67 83/104/83 68/77/68
f 61/78/61 75/103/75 76/105/76
f 54/79/54 1/8/1 69/106/69
f 8/10/8 68/77/68 83/104/83
f 61/78/61 77/107/77 62/80/62
f 486/108/486 519/109/519 518/82/518
f 62/80/62 78/92/78 63/83/63
f 55/110/55 71/111/71 56/85/56
f 83/104/83 97/112/97 98/113/98
f 76/114/76 90/115/90 91/116/91
f 69/106/69 1/8/1 84/117/84
f 8/10/8 83/104/83 98/113/98
f 76/105/76 92/118/92 77/107/77
f 487/119/487 520/120/520 519/109/519
f 77/107/77 93/121/93 78/92/78
f 70/122/70 86/123/86 71/111/71
f 79/93/79 93/121/93 94/124/94
f 71/111/71 87/125/87 72/94/72
f 79/126/79 95/127/95 80/128/80
f 73/98/73 87/129/87 88/130/88
f 80/128/80 96/131/96 81/100/81
f 73/98/73 89/132/89 74/133/74
f 81/100/81 97/112/97 82/102/82
f 75/134/75 89/132/89 90/115/90
f 86/135/86 102/136/102 87/129/87
f 94/137/94 110/138/110 95/127/95
f 88/130/88 102/136/102 103/139/103
f 96/131/96 110/138/110 111/140/111
f 88/130/88 104/141/104 89/132/89
f 97/112/97 111/140/111 112/142/112
f 90/115/90 104/141/104 105/143/105
f 97/112/97 113/144/113 98/113/98
f 91/116/91 105/143/105 106/145/106
f 84/117/84 1/8/1 99/146/99
f 8/10/8 98/113/98 113/144/113
f 91/116/91 107/147/107 92/148/92
f 488/149/488 521/150/521 520/120/520
f 92/148/92 108/151/108 93/152/93
f 85/153/85 101/154/101 86/123/86
f 94/137/94 108/155/108 109/156/109
f 106/145/106 120/157/120 121/158/121
f 99/146/99 1/8/1 114/159/114
f 8/10/8 113/144/113 128/160/128
f 106/145/106 122/161/122 107/147/107
f 489/162/489 522/163/522 521/150/521
f 107/147/107 123/164/123 108/151/108
f 100/165/100 116/166/116 101/154/101
f 109/156/109 123/167/123 124/168/124
f 101/169/101 117/170/117 102/136/102
f 109/156/109 125/171/125 110/138/110
f 103/139/103 117/170/117 118/172/118
f 111/140/111 125/171/125 126/173/126
f 103/139/103 119/174/119 104/141/104
f 111/140/111 127/175/127 112/142/112
f 105/143/105 119/174/119 120/157/120
f 112/142/112 128/160/128 113/144/113
f 124/168/124 140/176/140 125/171/125
f 118/172/118 132/177/132 133/178/133
f 126/173/126 140/176/140 141/179/141
f 118/172/118 134/180/134 119/174/119
f 126/173/126 142/181/142 127/175/127
f 120/157/120 134/180/134 135/182/135
f 127/175/127 143/183/143 128/160/128
f 121/158/121 135/182/135 136/184/136
f 114/159/114 1/8/1 129/185/129
f 8/10/8 128/160/128 143/183/143
f 121/158/121 137/186/137 122/161/122
f 490/187/490 523/188/523 522/163/522
f 122/161/122 138/189/138 123/164/123
f 115/190/115 131/191/131 116/166/116
f 124/192/124 138/189/138 139/193/139
f 116/194/116 132/177/132 117/170/117
f 129/185/129 1/8/1 144/195/144
f 8/10/8 143/183/143 158/196/158
f 136/184/136 152/197/152 137/186/137
f 491/198/491 524/199/524 523/188/523
f 137/186/137 153/200/153 138/189/138
f 130/201/130 146/202/146 131/191/131
f 139/193/139 153/200/153 154/203/154
f 131/204/131 147/205/147 132/177/132
f 139/206/139 155/207/155 140/176/140
f 133/178/133 147/205/147 148/208/148
f 141/179/141 155/207/155 156/209/156
f 133/178/133 149/210/149 134/180/134
f 141/179/141 157/211/157 142/181/142
f 135/182/135 149/210/149 150/212/150
f 143/183/143 157/211/157 158/196/158
f 136/184/136 150/212/150 151/213/151
f 148/208/148 162/214/162 163/215/163
f 156/209/156 170/216/170 171/217/171
f 148/208/148 164/218/164 149/210/149
f 156/209/156 172/219/172 157/211/157
f 150/212/150 164/218/164 165/220/165
f 157/211/157 173/221/173 158/196/158
f 151/213/151 165/220/165 166/222/166
f 144/195/144 1/8/1 159/223/159
f 8/10/8 158/196/158 173/221/173
f 151/213/151 167/224/167 152/197/152
f 492/225/492 525/226/525 524/199/524
f 152/197/152 168/227/168 153/200/153
f 145/228/145 161/229/161 146/202/146
f 154/230/154 168/231/168 169/232/169
f 146/233/146 162/214/162 147/205/147
f 154/230/154 170/216/170 155/207/155
f 166/222/166 182/234/182 167/224/167
f 493/235/493 526/236/526 525/226/525
f 167/224/167 183/237/183 168/227/168
f 161/229/161 175/238/175 176/239/176
f 169/232/169 183/240/183 184/241/184
f 161/242/161 177/243/177 162/214/162
f 169/232/169 185/244/185 170/216/170
f 163/215/163 177/243/177 178/245/178
f 170/216/170 186/246/186 171/217/171
f 163/215/163 179/247/179 164/218/164
f 172/219/172 186/246/186 187/248/187
f 165/220/165 179/247/179 180/249/180
f 173/221/173 187/248/187 188/250/188
f 166/222/166 180/249/180 181/251/181
f 159/223/159 1/8/1 174/252/174
f 8/10/8 173/221/173 188/250/188
f 186/246/186 200/253/200 201/254/201
f 178/245/178 194/255/194 179/247/179
f 186/246/186 202/256/202 187/248/187
f 180/249/180 194/255/194 195/257/195
f 187/248/187 203/258/203 188/250/188
f 181/251/181 195/257/195 196/259/196
f 174/252/174 1/8/1 189/260/189
f 8/10/8 188/250/188 203/258/203
f 181/251/181 197/261/197 182/234/182
f 494/262/494 527/263/527 526/236/526
f 182/234/182 198/264/198 183/237/183
f 176/239/176 190/265/190 191/266/191
f 184/241/184 198/267/198 199/268/199
f 176/269/176 192/270/192 177/243/177
f 184/241/184 200/253/200 185/244/185
f 178/245/178 192/270/192 193/271/193
f 197/272/197 213/273/213 198/274/198
f 191/266/191 205/275/205 206/276/206
f 199/268/199 213/277/213 214/278/214
f 191/279/191 207/280/207 192/270/192
f 199/268/199 215/281/215 200/253/200
f 193/271/193 207/280/207 208/282/208
f 201/254/201 215/281/215 216/283/216
f 193/271/193 209/284/209 194/255/194
f 201/254/201 217/285/217 202/256/202
f 195/257/195 209/284/209 210/286/210
f 202/256/202 218/287/218 203/258/203
f 196/288/196 210/289/210 211/290/211
f 189/260/189 1/8/1 204/291/204
f 8/10/8 203/258/203 218/287/218
f 196/288/196 212/292/212 197/272/197
f 495/293/495 528/294/528 527/263/527
f 216/283/216 232/295/232 217/285/217
f 210/289/210 224/296/224 225/297/225
f 217/285/217 233/298/233 218/287/218
f 211/290/211 225/297/225 226/299/226
f 204/291/204 1/8/1 219/300/219
f 8/10/8 218/287/218 233/298/233
f 211/290/211 227/301/227 212/292/212
f 496/302/496 529/303/529 528/294/528
f 212/292/212 228/304/228 213/273/213
f 206/276/206 220/305/220 221/306/221
f 214/307/214 228/304/228 229/308/229
f 206/276/206 222/309/222 207/310/207
f 214/278/214 230/311/230 215/281/215
f 208/312/208 222/313/222 223/314/223
f 216/283/216 230/311/230 231/315/231
f 208/312/208 224/296/224 209/316/209
f 221/306/221 235/317/235 236/318/236
f 229/308/229 243/319/243 244/320/244
f 221/306/221 237/321/237 222/309/222
f 229/322/229 245/323/245 230/311/230
f 223/314/223 237/324/237 238/325/238
f 231/315/231 245/323/245 246/326/246
f 223/314/223 239/327/239 224/296/224
f 231/315/231 247/328/247 232/295/232
f 225/297/225 239/327/239 240/329/240
f 233/298/233 247/328/247 248/330/248
f 226/299/226 240/329/240 241/331/241
f 219/300/219 1/8/1 234/332/234
f 8/10/8 233/298/233 248/330/248
f 226/299/226 242/333/242 227/301/227
f 497/334/497 530/335/530 529/303/529
f 227/301/227 243/319/243 228/304/228
f 240/329/240 254/336/254 255/337/255
f 247/328/247 263/338/263 248/330/248
f 241/331/241 255/337/255 256/339/256
f 234/332/234 1/8/1 249/340/249
f 8/10/8 248/330/248 263/338/263
f 241/331/241 257/341/257 242/333/242
f 530/335/530 499/342/499 531/343/531
f 242/333/242 258/344/258 243/319/243
f 236/318/236 250/345/250 251/346/251
f 244/320/244 258/344/258 259/347/259
f 236/318/236 252/348/252 237/321/237
f 244/320/244 260/349/260 245/350/245
f 238/325/238 252/351/252 253/352/253
f 246/326/246 260/353/260 261/354/261
f 238/325/238 254/336/254 239/327/239
f 246/326/246 262/355/262 247/328/247
f 259/347/259 273/356/273 274/357/274
f 251/346/251 267/358/267 252/348/252
f 259/347/259 275/359/275 260/349/260
f 253/352/253 267/360/267 268/361/268
f 261/354/261 275/362/275 276/363/276
f 253/352/253 269/364/269 254/336/254
f 261/354/261 277/365/277 262/355/262
f 255/337/255 269/364/269 270/366/270
f 262/355/262 278/367/278 263/338/263
f 256/339/256 270/366/270 271/368/271
f 249/340/249 1/8/1 264/369/264
f 8/10/8 263/338/263 278/367/278
f 256/339/256 272/370/272 257/341/257
f 531/343/531 500/371/500 532/372/532
f 257/341/257 273/356/273 258/344/258
f 251/346/251 265/373/265 266/374/266
f 278/367/278 292/375/292 293/376/293
f 271/368/271 285/377/285 286/378/286
f 264/369/264 1/8/1 279/379/279
f 8/10/8 278/367/278 293/376/293
f 271/368/271 287/380/287 272/370/272
f 532/372/532 501/381/501 533/382/533
f 272/370/272 288/383/288 273/356/273
f 266/374/266 280/384/280 281/385/281
f 274/357/274 288/383/288 289/386/289
f 266/374/266 282/387/282 267/358/267
f 274/357/274 290/388/290 275/359/275
f 268/361/268 282/389/282 283/390/283
f 276/363/276 290/391/290 291/392/291
f 268/361/268 284/393/284 269/364/269
f 276/363/276 292/375/292 277/365/277
f 270/366/270 284/393/284 285/377/285
f 281/385/281 297/394/297 282/387/282
f 289/386/289 305/395/305 290/388/290
f 283/390/283 297/396/297 298/397/298
f 291/392/291 305/398/305 306/399/306
f 283/390/283 299/400/299 284/393/284
f 291/392/291 307/401/307 292/375/292
f 285/377/285 299/400/299 300/402/300
f 293/376/293 307/401/307 308/403/308
f 286/378/286 300/402/300 301/404/301
f 279/379/279 1/8/1 294/405/294
f 8/10/8 293/376/293 308/403/308
f 286/378/286 302/406/302 287/380/287
f 533/382/533 502/407/502 534/408/534
f 287/380/287 303/409/303 288/383/288
f 281/385/281 295/410/295 296/411/296
f 289/386/289 303/409/303 304/412/304
f 301/404/301 315/413/315 316/414/316
f 294/405/294 1/8/1 309/415/309
f 8/10/8 308/403/308 323/416/323
f 301/404/301 317/417/317 302/406/302
f 534/408/534 503/418/503 535/419/535
f 302/406/302 318/420/318 303/409/303
f 296/411/296 310/421/310 311/422/311
f 304/412/304 318/420/318 319/423/319
f 296/411/296 312/424/312 297/394/297
f 304/425/304 320/426/320 305/427/305
f 298/397/298 312/428/312 313/429/313
f 306/399/306 320/430/320 321/431/321
f 298/397/298 314/432/314 299/400/299
f 306/399/306 322/433/322 307/401/307
f 300/402/300 314/432/314 315/413/315
f 307/401/307 323/416/323 308/403/308
f 319/434/319 335/435/335 320/426/320
f 312/424/312 328/436/328 313/437/313
f 321/438/321 335/435/335 336/439/336
f 313/429/313 329/440/329 314/432/314
f 321/431/321 337/441/337 322/433/322
f 315/413/315 329/440/329 330/442/330
f 322/433/322 338/443/338 323/416/323
f 316/414/316 330/442/330 331/444/331
f 309/415/309 1/8/1 324/445/324
f 8/10/8 323/416/323 338/443/338
f 316/446/316 332/447/332 317/448/317
f 535/419/535 504/449/504 536/450/536
f 317/448/317 333/451/333 318/452/318
f 311/422/311 325/453/325 326/454/326
f 319/434/319 333/451/333 334/455/334
f 311/422/311 327/456/327 312/424/312
f 8/10/8 338/443/338 353/457/353
f 331/458/331 347/459/347 332/447/332
f 536/450/536 505/460/505 537/461/537
f 332/447/332 348/462/348 333/451/333
f 326/454/326 340/463/340 341/464/341
f 334/455/334 348/462/348 349/465/349
f 326/454/326 342/466/342 327/456/327
f 334/455/334 350/467/350 335/435/335
f 328/436/328 342/466/342 343/468/343
f 336/439/336 350/467/350 351/469/351
f 328/436/328 344/470/344 329/471/329
f 336/472/336 352/473/352 337/441/337
f 330/474/330 344/475/344 345/476/345
f 337/441/337 353/457/353 338/443/338
f 331/458/331 345/476/345 346/477/346
f 324/445/324 1/8/1 339/478/339
f 351/469/351 365/479/365 366/480/366
f 343/481/343 359/482/359 344/475/344
f 351/483/351 367/484/367 352/473/352
f 345/476/345 359/482/359 360/485/360
f 352/473/352 368/486/368 353/457/353
f 346/477/346 360/485/360 361/487/361
f 339/478/339 1/8/1 354/488/354
f 8/10/8 353/457/353 368/486/368
f 346/477/346 362/489/362 347/459/347
f 537/461/537 506/490/506 538/491/538
f 347/459/347 363/492/363 348/462/348
f 341/464/341 355/493/355 356/494/356
f 349/465/349 363/492/363 364/495/364
f 341/464/341 357/496/357 342/466/342
f 349/465/349 365/479/365 350/467/350
f 343/468/343 357/496/357 358/497/358
f 538/491/538 507/498/507 539/499/539
f 362/489/362 378/500/378 363/492/363
f 356/494/356 370/501/370 371/502/371
f 364/495/364 378/500/378 379/503/379
f 356/494/356 372/504/372 357/496/357
f 364/495/364 380/505/380 365/479/365
f 358/497/358 372/504/372 373/506/373
f 366/480/366 380/505/380 381/507/381
f 358/508/358 374/509/374 359/482/359
f 366/510/366 382/511/382 367/484/367
f 360/485/360 374/509/374 375/512/375
f 367/484/367 383/513/383 368/486/368
f 361/487/361 375/512/375 376/514/376
f 354/488/354 1/8/1 369/515/369
f 8/10/8 368/486/368 383/513/383
f 361/487/361 377/516/377 362/489/362
f 373/517/373 389/518/389 374/509/374
f 381/507/381 397/519/397 382/520/382
f 375/512/375 389/518/389 390/521/390
f 382/511/382 398/522/398 383/513/383
f 376/514/376 390/521/390 391/523/391
f 369/515/369 1/8/1 384/524/384
f 8/10/8 383/513/383 398/522/398
f 376/514/376 392/525/392 377/516/377
f 539/499/539 508/526/508 540/527/540
f 377/516/377 393/528/393 378/500/378
f 371/502/371 385/529/385 386/530/386
f 379/503/379 393/528/393 394/531/394
f 371/502/371 387/532/387 372/504/372
f 379/503/379 395/533/395 380/505/380
f 373/506/373 387/532/387 388/534/388
f 381/507/381 395/533/395 396/535/396
f 392/525/392 408/536/408 393/528/393
f 386/530/386 400/537/400 401/538/401
f 394/531/394 408/536/408 409/539/409
f 386/530/386 402/540/402 387/532/387
f 394/531/394 410/541/410 395/533/395
f 388/534/388 402/540/402 403/542/403
f 396/535/396 410/541/410 411/543/411
f 388/544/388 404/545/404 389/518/389
f 397/546/397 411/547/411 412/548/412
f 390/521/390 404/545/404 405/549/405
f 397/546/397 413/550/413 398/522/398
f 391/523/391 405/549/405 406/551/406
f 384/524/384 1/8/1 399/552/399
f 8/10/8 398/522/398 413/550/413
f 391/523/391 407/553/407 392/525/392
f 540/527/540 509/554/509 541/555/541
f 411/547/411 427/556/427 412/548/412
f 405/549/405 419/557/419 420/558/420
f 412/548/412 428/559/428 413/550/413
f 406/551/406 420/558/420 421/560/421
f 399/552/399 1/8/1 414/561/414
f 8/10/8 413/550/413 428/559/428
f 406/551/406 422/562/422 407/553/407
f 541/555/541 510/563/510 542/564/542
f 407/553/407 423/565/423 408/536/408
f 400/537/400 416/566/416 401/538/401
f 409/539/409 423/565/423 424/567/424
f 401/538/401 417/568/417 402/540/402
f 409/539/409 425/569/425 410/541/410
f 403/542/403 417/568/417 418/570/418
f 411/543/411 425/569/425 426/571/426
f 403/572/403 419/557/419 404/545/404
f 415/573/415 431/574/431 416/566/416
f 424/567/424 438/575/438 439/576/439
f 416/566/416 432/577/432 417/568/417
f 424/567/424 440/578/440 425/569/425
f 418/570/418 432/577/432 433/579/433
f 426/571/426 440/578/440 441/580/441
f 418/570/418 434/581/434 419/582/419
f 426/583/426 442/584/442 427/556/427
f 420/558/420 434/585/434 435/586/435
f 427/556/427 443/587/443 428/559/428
f 421/560/421 435/586/435 436/588/436
f 414/561/414 1/8/1 429/589/429
f 8/10/8 428/559/428 443/587/443
f 421/560/421 437/590/437 422/562/422
f 542/564/542 511/591/511 543/592/543
f 422/562/422 438/575/438 423/565/423
f 435/593/435 449/594/449 450/595/450
f 442/584/442 458/596/458 443/587/443
f 436/597/436 450/595/450 451/598/451
f 429/589/429 1/8/1 444/599/444
f 8/10/8 443/587/443 458/596/458
f 436/597/436 452/600/452 437/601/437
f 543/592/543 512/602/512 544/603/544
f 437/590/437 453/604/453 438/575/438
f 430/605/430 446/606/446 431/574/431
f 439/576/439 453/604/453 454/607/454
f 431/574/431 447/608/447 432/577/432
f 439/576/439 455/609/455 440/578/440
f 433/579/433 447/608/447 448/610/448
f 441/580/441 455/609/455 456/611/456
f 433/579/433 449/612/449 434/581/434
f 441/613/441 457/614/457 442/584/442
f 454/615/454 468/616/468 469/617/469
f 446/606/446 462/618/462 447/608/447
f 454/615/454 470/619/470 455/620/455
f 448/610/448 462/618/462 463/621/463
f 456/622/456 470/623/470 471/624/471
f 448/625/448 464/626/464 449/594/449
f 456/622/456 472/627/472 457/614/457
f 450/595/450 464/626/464 465/628/465
f 458/596/458 472/627/472 473/629/473
f 451/598/451 465/628/465 466/630/466
f 444/599/444 1/8/1 459/631/459
f 8/10/8 458/596/458 473/629/473
f 451/598/451 467/632/467 452/600/452
f 544/603/544 513/633/513 545/634/545
f 452/600/452 468/616/468 453/635/453
f 445/636/445 461/637/461 446/606/446
f 472/627/472 482/3/482 473/629/473
f 466/630/466 4/4/4 5/6/5
f 459/631/459 1/8/1 474/7/474
f 8/10/8 473/629/473 482/3/482
f 466/630/466 6/12/6 467/632/467
f 545/634/545 514/13/514 546/15/546
f 467/632/467 478/17/478 468/616/468
f 460/638/460 2/20/2 461/637/461
f 468/616/468 7/22/7 469/617/469
f 462/618/462 2/20/2 476/23/476
f 469/617/469 479/26/479 470/619/470
f 463/621/463 476/23/476 3/639/3
f 471/640/471 479/26/479 480/31/480
f 464/626/464 3/27/3 477/32/477
f 471/624/471 481/1/481 472/627/472
f 465/628/465 477/32/477 4/4/4
f 9/9/9 483/72/483 484/45/484
f 39/70/39 483/72/483 24/43/24
f 54/79/54 485/81/485 39/70/39
f 69/106/69 486/108/486 54/79/54
f 84/117/84 487/119/487 69/106/69
f 99/146/99 488/149/488 84/117/84
f 114/159/114 489/162/489 99/146/99
f 129/185/129 490/187/490 114/159/114
f 144/195/144 491/198/491 129/185/129
f 159/223/159 492/225/492 144/195/144
f 174/252/174 493/235/493 159/223/159
f 189/260/189 494/262/494 174/252/174
f 204/291/204 495/293/495 189/260/189
f 219/300/219 496/302/496 204/291/204
f 234/332/234 497/334/497 219/300/219
f 234/332/234 499/342/499 498/641/498
f 249/340/249 500/371/500 499/342/499
f 264/369/264 501/381/501 500/371/500
f 279/379/279 502/407/502 501/381/501
f 294/405/294 503/418/503 502/407/502
f 309/415/309 504/449/504 503/418/503
f 324/445/324 505/460/505 504/449/504
f 339/478/339 506/490/506 505/460/505
f 354/488/354 507/498/507 506/490/506
f 369/515/369 508/526/508 507/498/507
f 384/524/384 509/554/509 508/526/508
f 399/552/399 510/563/510 509/554/509
f 414/561/414 511/591/511 510/563/510
f 429/589/429 512/602/512 511/591/511
f 459/631/459 512/602/512 444/599/444
f 474/7/474 513/633/513 459/631/459
f 474/7/474 484/45/484 514/13/514
f 460/638/460 546/15/546 475/18/475
f 445/636/445 545/634/545 460/638/460
f 430/605/430 544/603/544 445/636/445
f 415/573/415 543/592/543 430/605/430
f 400/537/400 542/564/542 415/573/415
f 540/527/540 400/537/400 385/529/385
f 539/499/539 385/529/385 370/501/370
f 538/491/538 370/501/370 355/493/355
f 537/461/537 355/493/355 340/463/340
f 536/450/536 340/463/340 325/453/325
f 535/419/535 325/453/325 310/421/310
f 534/408/534 310/421/310 295/410/295
f 533/382/533 295/410/295 280/384/280
f 532/372/532 280/384/280 265/373/265
f 531/343/531 265/373/265 250/345/250
f 530/335/530 250/345/250 235/317/235
f 529/303/529 235/317/235 220/305/220
f 528/294/528 220/305/220 205/275/205
f 527/263/527 205/275/205 190/265/190
f 526/236/526 190/265/190 175/238/175
f 525/226/525 175/238/175 160/642/160
f 145/228/145 525/226/525 160/642/160
f 130/201/130 524/199/524 145/228/145
f 115/190/115 523/188/523 130/201/130
f 100/165/100 522/163/522 115/190/115
f 85/153/85 521/150/521 100/165/100
f 70/122/70 520/120/520 85/153/85
f 55/110/55 519/109/519 70/122/70
f 40/84/40 518/82/518 55/110/55
f 25/56/25 517/73/517 40/84/40
f 10/48/10 516/46/516 25/56/25
f 475/18/475 515/14/515 10/48/10
f 481/1/481 22/35/22 23/2/23
f 4/4/4 15/36/15 16/5/16
f 5/6/5 16/5/16 17/11/17
f 514/13/514 484/45/484 515/14/515
f 6/12/6 17/11/17 18/16/18
f 475/18/475 10/48/10 11/19/11
f 478/17/478 18/16/18 19/21/19
f 476/23/476 2/20/2 11/19/11
f 7/22/7 19/21/19 20/25/20
f 3/27/3 476/643/476 12/28/12
f 479/26/479 20/25/20 21/30/21
f 477/32/477 3/27/3 13/29/13
f 480/34/480 21/644/21 22/35/22
f 4/4/4 477/32/477 14/33/14
f 13/29/13 28/53/28 29/37/29
f 22/35/22 21/644/21 36/38/36
f 15/36/15 14/33/14 29/37/29
f 22/35/22 37/39/37 38/41/38
f 15/36/15 30/40/30 31/42/31
f 16/5/16 31/42/31 32/44/32
f 484/45/484 483/72/483 516/46/516
f 17/11/17 32/44/32 33/47/33
f 10/48/10 25/56/25 26/49/26
f 18/16/18 33/47/33 34/50/34
f 11/19/11 26/49/26 27/51/27
f 19/21/19 34/50/34 35/52/35
f 12/28/12 27/61/27 28/53/28
f 21/30/21 20/25/20 35/52/35
f 32/44/32 47/71/47 48/55/48
f 25/56/25 40/84/40 41/57/41
f 34/50/34 33/47/33 48/55/48
f 26/49/26 41/57/41 42/59/42
f 35/52/35 34/50/34 49/58/49
f 27/61/27 42/89/42 43/62/43
f 36/38/36 35/645/35 50/63/50
f 28/53/28 43/62/43 44/65/44
f 36/38/36 51/64/51 52/66/52
f 29/37/29 44/65/44 45/67/45
f 37/39/37 52/66/52 53/68/53
f 30/40/30 45/67/45 46/69/46
f 32/44/32 31/42/31 46/69/46
f 483/72/483 485/81/485 517/73/517
f 51/64/51 66/91/66 67/74/67
f 45/67/45 44/65/44 59/75/59
f 52/66/52 67/74/67 68/77/68
f 46/69/46 45/67/45 60/76/60
f 46/69/46 61/78/61 62/80/62
f 485/81/485 486/108/486 518/82/518
f 47/71/47 62/80/62 63/83/63
f 40/84/40 55/110/55 56/85/56
f 49/58/49 48/55/48 63/83/63
f 41/57/41 56/85/56 57/87/57
f 49/58/49 64/86/64 65/88/65
f 42/89/42 57/646/57 58/90/58
f 50/63/50 65/99/65 66/91/66
f 43/62/43 58/90/58 59/75/59
f 64/86/64 63/83/63 78/92/78
f 56/85/56 71/111/71 72/94/72
f 64/86/64 79/93/79 80/95/80
f 58/96/58 57/647/57 72/97/72
f 65/99/65 80/128/80 81/100/81
f 58/90/58 73/648/73 74/101/74
f 67/74/67 66/91/66 81/100/81
f 60/76/60 59/75/59 74/101/74
f 67/74/67 82/102/82 83/104/83
f 61/78/61 60/76/60 75/103/75
f 61/78/61 76/105/76 77/107/77
f 486/108/486 487/119/487 519/109/519
f 62/80/62 77/107/77 78/92/78
f 55/110/55 70/122/70 71/111/71
f 83/104/83 82/102/82 97/112/97
f 76/114/76 75/134/75 90/115/90
f 76/105/76 91/649/91 92/118/92
f 487/119/487 488/149/488 520/120/520
f 77/107/77 92/118/92 93/121/93
f 70/122/70 85/153/85 86/123/86
f 79/93/79 78/92/78 93/121/93
f 71/111/71 86/123/86 87/125/87
f 79/126/79 94/137/94 95/127/95
f 73/98/73 72/97/72 87/129/87
f 80/128/80 95/127/95 96/131/96
f 73/98/73 88/130/88 89/132/89
f 81/100/81 96/131/96 97/112/97
f 75/134/75 74/133/74 89/132/89
f 86/135/86 101/169/101 102/136/102
f 94/137/94 109/156/109 110/138/110
f 88/130/88 87/129/87 102/136/102
f 96/131/96 95/127/95 110/138/110
f 88/130/88 103/139/103 104/141/104
f 97/112/97 96/131/96 111/140/111
f 90/115/90 89/132/89 104/141/104
f 97/112/97 112/142/112 113/144/113
f 91/116/91 90/115/90 105/143/105
f 91/116/91 106/145/106 107/147/107
f 488/149/488 489/162/489 521/150/521
f 92/148/92 107/147/107 108/151/108
f 85/153/85 100/165/100 101/154/101
f 94/137/94 93/650/93 108/155/108
f 106/145/106 105/143/105 120/157/120
f 106/145/106 121/158/121 122/161/122
f 489/162/489 490/187/490 522/163/522
f 107/147/107 122/161/122 123/164/123
f 100/165/100 115/190/115 116/166/116
f 109/156/109 108/155/108 123/167/123
f 101/169/101 116/194/116 117/170/117
f 109/156/109 124/168/124 125/171/125
f 103/139/103 102/136/102 117/170/117
f 111/140/111 110/138/110 125/171/125
f 103/139/103 118/172/118 119/174/119
f 111/140/111 126/173/126 127/175/127
f 105/143/105 104/141/104 119/174/119
f 112/142/112 127/175/127 128/160/128
f 124/168/124 139/206/139 140/176/140
f 118/172/118 117/170/117 132/177/132
f 126/173/126 125/171/125 140/176/140
f 118/172/118 133/178/133 134/180/134
f 126/173/126 141/179/141 142/181/142
f 120/157/120 119/174/119 134/180/134
f 127/175/127 142/181/142 143/183/143
f 121/158/121 120/157/120 135/182/135
f 121/158/121 136/184/136 137/186/137
f 490/187/490 491/198/491 523/188/523
f 122/161/122 137/186/137 138/189/138
f 115/190/115 130/201/130 131/191/131
f 124/192/124 123/164/123 138/189/138
f 116/194/116 131/204/131 132/177/132
f 136/184/136 151/213/151 152/197/152
f 491/198/491 492/225/492 524/199/524
f 137/186/137 152/197/152 153/200/153
f 130/201/130 145/228/145 146/202/146
f 139/193/139 138/189/138 153/200/153
f 131/204/131 146/233/146 147/205/147
f 139/206/139 154/230/154 155/207/155
f 133/178/133 132/177/132 147/205/147
f 141/179/141 140/176/140 155/207/155
f 133/178/133 148/208/148 149/210/149
f 141/179/141 156/209/156 157/211/157
f 135/182/135 134/180/134 149/210/149
f 143/183/143 142/181/142 157/211/157
f 136/184/136 135/182/135 150/212/150
f 148/208/148 147/205/147 162/214/162
f 156/209/156 155/207/155 170/216/170
f 148/208/148 163/215/163 164/218/164
f 156/209/156 171/217/171 172/219/172
f 150/212/150 149/210/149 164/218/164
f 157/211/157 172/219/172 173/221/173
f 151/213/151 150/212/150 165/220/165
f 151/213/151 166/222/166 167/224/167
f 492/225/492 493/235/493 525/226/525
f 152/197/152 167/224/167 168/227/168
f 145/228/145 160/642/160 161/229/161
f 154/230/154 153/651/153 168/231/168
f 146/233/146 161/242/161 162/214/162
f 154/230/154 169/232/169 170/216/170
f 166/222/166 181/251/181 182/234/182
f 493/235/493 494/262/494 526/236/526
f 167/224/167 182/234/182 183/237/183
f 161/229/161 160/642/160 175/238/175
f 169/232/169 168/231/168 183/240/183
f 161/242/161 176/269/176 177/243/177
f 169/232/169 184/241/184 185/244/185
f 163/215/163 162/214/162 177/243/177
f 170/216/170 185/244/185 186/246/186
f 163/215/163 178/245/178 179/247/179
f 172/219/172 171/217/171 186/246/186
f 165/220/165 164/218/164 179/247/179
f 173/221/173 172/219/172 187/248/187
f 166/222/166 165/220/165 180/249/180
f 186/246/186 185/244/185 200/253/200
f 178/245/178 193/271/193 194/255/194
f 186/246/186 201/254/201 202/256/202
f 180/249/180 179/247/179 194/255/194
f 187/248/187 202/256/202 203/258/203
f 181/251/181 180/249/180 195/257/195
f 181/251/181 196/259/196 197/261/197
f 494/262/494 495/293/495 527/263/527
f 182/234/182 197/261/197 198/264/198
f 176/239/176 175/238/175 190/265/190
f 184/241/184 183/240/183 198/267/198
f 176/269/176 191/279/191 192/270/192
f 184/241/184 199/268/199 200/253/200
f 178/245/178 177/243/177 192/270/192
f 197/272/197 212/292/212 213/273/213
f 191/266/191 190/265/190 205/275/205
f 199/268/199 198/267/198 213/277/213
f 191/279/191 206/652/206 207/280/207
f 199/268/199 214/278/214 215/281/215
f 193/271/193 192/270/192 207/280/207
f 201/254/201 200/253/200 215/281/215
f 193/271/193 208/282/208 209/284/209
f 201/254/201 216/283/216 217/285/217
f 195/257/195 194/255/194 209/284/209
f 202/256/202 217/285/217 218/287/218
f 196/288/196 195/653/195 210/289/210
f 196/288/196 211/290/211 212/292/212
f 495/293/495 496/302/496 528/294/528
f 216/283/216 231/315/231 232/295/232
f 210/289/210 209/316/209 224/296/224
f 217/285/217 232/295/232 233/298/233
f 211/290/211 210/289/210 225/297/225
f 211/290/211 226/299/226 227/301/227
f 496/302/496 497/334/497 529/303/529
f 212/292/212 227/301/227 228/304/228
f 206/276/206 205/275/205 220/305/220
f 214/307/214 213/273/213 228/304/228
f 206/276/206 221/306/221 222/309/222
f 214/278/214 229/322/229 230/311/230
f 208/312/208 207/654/207 222/313/222
f 216/283/216 215/281/215 230/311/230
f 208/312/208 223/314/223 224/296/224
f 221/306/221 220/305/220 235/317/235
f 229/308/229 228/304/228 243/319/243
f 221/306/221 236/318/236 237/321/237
f 229/322/229 244/655/244 245/323/245
f 223/314/223 222/313/222 237/324/237
f 231/315/231 230/311/230 245/323/245
f 223/314/223 238/325/238 239/327/239
f 231/315/231 246/326/246 247/328/247
f 225/297/225 224/296/224 239/327/239
f 233/298/233 232/295/232 247/328/247
f 226/299/226 225/297/225 240/329/240
f 226/299/226 241/331/241 242/333/242
f 497/334/497 498/641/498 530/335/530
f 227/301/227 242/333/242 243/319/243
f 240/329/240 239/327/239 254/336/254
f 247/328/247 262/355/262 263/338/263
f 241/331/241 240/329/240 255/337/255
f 241/331/241 256/339/256 257/341/257
f 530/335/530 498/641/498 499/342/499
f 242/333/242 257/341/257 258/344/258
f 236/318/236 235/317/235 250/345/250
f 244/320/244 243/319/243 258/344/258
f 236/318/236 251/346/251 252/348/252
f 244/320/244 259/347/259 260/349/260
f 238/325/238 237/324/237 252/351/252
f 246/326/246 245/323/245 260/353/260
f 238/325/238 253/352/253 254/336/254
f 246/326/246 261/354/261 262/355/262
f 259/347/259 258/344/258 273/356/273
f 251/346/251 266/374/266 267/358/267
f 259/347/259 274/357/274 275/359/275
f 253/352/253 252/351/252 267/360/267
f 261/354/261 260/353/260 275/362/275
f 253/352/253 268/361/268 269/364/269
f 261/354/261 276/363/276 277/365/277
f 255/337/255 254/336/254 269/364/269
f 262/355/262 277/365/277 278/367/278
f 256/339/256 255/337/255 270/366/270
f 256/339/256 271/368/271 272/370/272
f 531/343/531 499/342/499 500/371/500
f 257/341/257 272/370/272 273/356/273
f 251/346/251 250/345/250 265/373/265
f 278/367/278 277/365/277 292/375/292
f 271/368/271 270/366/270 285/377/285
f 271/368/271 286/378/286 287/380/287
f 532/372/532 500/371/500 501/381/501
f 272/370/272 287/380/287 288/383/288
f 266/374/266 265/373/265 280/384/280
f 274/357/274 273/356/273 288/383/288
f 266/374/266 281/385/281 282/387/282
f 274/357/274 289/386/289 290/388/290
f 268/361/268 267/360/267 282/389/282
f 276/363/276 275/362/275 290/391/290
f 268/361/268 283/390/283 284/393/284
f 276/363/276 291/392/291 292/375/292
f 270/366/270 269/364/269 284/393/284
f 281/385/281 296/411/296 297/394/297
f 289/386/289 304/412/304 305/395/305
f 283/390/283 282/389/282 297/396/297
f 291/392/291 290/391/290 305/398/305
f 283/390/283 298/397/298 299/400/299
f 291/392/291 306/399/306 307/401/307
f 285/377/285 284/393/284 299/400/299
f 293/376/293 292/375/292 307/401/307
f 286/378/286 285/377/285 300/402/300
f 286/378/286 301/404/301 302/406/302
f 533/382/533 501/381/501 502/407/502
f 287/380/287 302/406/302 303/409/303
f 281/385/281 280/384/280 295/410/295
f 289/386/289 288/383/288 303/409/303
f 301/404/301 300/402/300 315/413/315
f 301/404/301 316/414/316 317/417/317
f 534/408/534 502/407/502 503/418/503
f 302/406/302 317/417/317 318/420/318
f 296/411/296 295/410/295 310/421/310
f 304/412/304 303/409/303 318/420/318
f 296/411/296 311/422/311 312/424/312
f 304/425/304 319/434/319 320/426/320
f 298/397/298 297/396/297 312/428/312
f 306/399/306 305/398/305 320/430/320
f 298/397/298 313/429/313 314/432/314
f 306/399/306 321/431/321 322/433/322
f 300/402/300 299/400/299 314/432/314
f 307/401/307 322/433/322 323/416/323
f 319/434/319 334/455/334 335/435/335
f 312/424/312 327/456/327 328/436/328
f 321/438/321 320/426/320 335/435/335
f 313/429/313 328/656/328 329/440/329
f 321/431/321 336/472/336 337/441/337
f 315/413/315 314/432/314 329/440/329
f 322/433/322 337/441/337 338/443/338
f 316/414/316 315/413/315 330/442/330
f 316/446/316 331/458/331 332/447/332
f 535/419/535 503/418/503 504/449/504
f 317/448/317 332/447/332 333/451/333
f 311/422/311 310/421/310 325/453/325
f 319/434/319 318/452/318 333/451/333
f 311/422/311 326/454/326 327/456/327
f 331/458/331 346/477/346 347/459/347
f 536/450/536 504/449/504 505/460/505
f 332/447/332 347/459/347 348/462/348
f 326/454/326 325/453/325 340/463/340
f 334/455/334 333/451/333 348/462/348
f 326/454/326 341/464/341 342/466/342
f 334/455/334 349/465/349 350/467/350
f 328/436/328 327/456/327 342/466/342
f 336/439/336 335/435/335 350/467/350
f 328/436/328 343/468/343 344/470/344
f 336/472/336 351/483/351 352/473/352
f 330/474/330 329/657/329 344/475/344
f 337/441/337 352/473/352 353/457/353
f 331/458/331 330/474/330 345/476/345
f 351/469/351 350/467/350 365/479/365
f 343/481/343 358/508/358 359/482/359
f 351/483/351 366/510/366 367/484/367
f 345/476/345 344/475/344 359/482/359
f 352/473/352 367/484/367 368/486/368
f 346/477/346 345/476/345 360/485/360
f 346/477/346 361/487/361 362/489/362
f 537/461/537 505/460/505 506/490/506
f 347/459/347 362/489/362 363/492/363
f 341/464/341 340/463/340 355/493/355
f 349/465/349 348/462/348 363/492/363
f 341/464/341 356/494/356 357/496/357
f 349/465/349 364/495/364 365/479/365
f 343/468/343 342/466/342 357/496/357
f 538/491/538 506/490/506 507/498/507
f 362/489/362 377/516/377 378/500/378
f 356/494/356 355/493/355 370/501/370
f 364/495/364 363/492/363 378/500/378
f 356/494/356 371/502/371 372/504/372
f 364/495/364 379/503/379 380/505/380
f 358/497/358 357/496/357 372/504/372
f 366/480/366 365/479/365 380/505/380
f 358/508/358 373/517/373 374/509/374
f 366/510/366 381/658/381 382/511/382
f 360/485/360 359/482/359 374/509/374
f 367/484/367 382/511/382 383/513/383
f 361/487/361 360/485/360 375/512/375
f 361/487/361 376/514/376 377/516/377
f 373/517/373 388/544/388 389/518/389
f 381/507/381 396/535/396 397/519/397
f 375/512/375 374/509/374 389/518/389
f 382/511/382 397/546/397 398/522/398
f 376/514/376 375/512/375 390/521/390
f 376/514/376 391/523/391 392/525/392
f 539/499/539 507/498/507 508/526/508
f 377/516/377 392/525/392 393/528/393
f 371/502/371 370/501/370 385/529/385
f 379/503/379 378/500/378 393/528/393
f 371/502/371 386/530/386 387/532/387
f 379/503/379 394/531/394 395/533/395
f 373/506/373 372/504/372 387/532/387
f 381/507/381 380/505/380 395/533/395
f 392/525/392 407/553/407 408/536/408
f 386/530/386 385/529/385 400/537/400
f 394/531/394 393/528/393 408/536/408
f 386/530/386 401/538/401 402/540/402
f 394/531/394 409/539/409 410/541/410
f 388/534/388 387/532/387 402/540/402
f 396/535/396 395/533/395 410/541/410
f 388/544/388 403/572/403 404/545/404
f 397/546/397 396/659/396 411/547/411
f 390/521/390 389/518/389 404/545/404
f 397/546/397 412/548/412 413/550/413
f 391/523/391 390/521/390 405/549/405
f 391/523/391 406/551/406 407/553/407
f 540/527/540 508/526/508 509/554/509
f 411/547/411 426/583/426 427/556/427
f 405/549/405 404/545/404 419/557/419
f 412/548/412 427/556/427 428/559/428
f 406/551/406 405/549/405 420/558/420
f 406/551/406 421/560/421 422/562/422
f 541/555/541 509/554/509 510/563/510
f 407/553/407 422/562/422 423/565/423
f 400/537/400 415/573/415 416/566/416
f 409/539/409 408/536/408 423/565/423
f 401/538/401 416/566/416 417/568/417
f 409/539/409 424/567/424 425/569/425
f 403/542/403 402/540/402 417/568/417
f 411/543/411 410/541/410 425/569/425
f 403/572/403 418/660/418 419/557/419
f 415/573/415 430/605/430 431/574/431
f 424/567/424 423/565/423 438/575/438
f 416/566/416 431/574/431 432/577/432
f 424/567/424 439/576/439 440/578/440
f 418/570/418 417/568/417 432/577/432
f 426/571/426 425/569/425 440/578/440
f 418/570/418 433/579/433 434/581/434
f 426/583/426 441/613/441 442/584/442
f 420/558/420 419/557/419 434/585/434
f 427/556/427 442/584/442 443/587/443
f 421/560/421 420/558/420 435/586/435
f 421/560/421 436/588/436 437/590/437
f 542/564/542 510/563/510 511/591/511
f 422/562/422 437/590/437 438/575/438
f 435/593/435 434/661/434 449/594/449
f 442/584/442 457/614/457 458/596/458
f 436/597/436 435/593/435 450/595/450
f 436/597/436 451/598/451 452/600/452
f 543/592/543 511/591/511 512/602/512
f 437/590/437 452/662/452 453/604/453
f 430/605/430 445/636/445 446/606/446
f 439/576/439 438/575/438 453/604/453
f 431/574/431 446/606/446 447/608/447
f 439/576/439 454/607/454 455/609/455
f 433/579/433 432/577/432 447/608/447
f 441/580/441 440/578/440 455/609/455
f 433/579/433 448/610/448 449/612/449
f 441/613/441 456/622/456 457/614/457
f 454/615/454 453/635/453 468/616/468
f 446/606/446 461/637/461 462/618/462
f 454/615/454 469/617/469 470/619/470
f 448/610/448 447/608/447 462/618/462
f 456/622/456 455/663/455 470/623/470
f 448/625/448 463/664/463 464/626/464
f 456/622/456 471/624/471 472/627/472
f 450/595/450 449/594/449 464/626/464
f 458/596/458 457/614/457 472/627/472
f 451/598/451 450/595/450 465/628/465
f 451/598/451 466/630/466 467/632/467
f 544/603/544 512/602/512 513/633/513
f 452/600/452 467/632/467 468/616/468
f 445/636/445 460/638/460 461/637/461
f 472/627/472 481/1/481 482/3/482
f 466/630/466 465/628/465 4/4/4
f 466/630/466 5/6/5 6/12/6
f 545/634/545 513/633/513 514/13/514
f 467/632/467 6/12/6 478/17/478
f 460/638/460 475/18/475 2/20/2
f 468/616/468 478/17/478 7/22/7
f 462/618/462 461/637/461 2/20/2
f 469/617/469 7/22/7 479/26/479
f 463/621/463 462/618/462 476/23/476
f 471/640/471 470/619/470 479/26/479
f 464/626/464 463/664/463 3/27/3
f 471/624/471 480/34/480 481/1/481
f 465/628/465 464/626/464 477/32/477
f 9/9/9 24/43/24 483/72/483
f 39/70/39 485/81/485 483/72/483
f 54/79/54 486/108/486 485/81/485
f 69/106/69 487/119/487 486/108/486
f 84/117/84 488/149/488 487/119/487
f 99/146/99 489/162/489 488/149/488
f 114/159/114 490/187/490 489/162/489
f 129/185/129 491/198/491 490/187/490
f 144/195/144 492/225/492 491/198/491
f 159/223/159 493/235/493 492/225/492
f 174/252/174 494/262/494 493/235/493
f 189/260/189 495/293/495 494/262/494
f 204/291/204 496/302/496 495/293/495
f 219/300/219 497/334/497 496/302/496
f 234/332/234 498/641/498 497/334/497
f 234/332/234 249/340/249 499/342/499
f 249/340/249 264/369/264 500/371/500
f 264/369/264 279/379/279 501/381/501
f 279/379/279 294/405/294 502/407/502
f 294/405/294 309/415/309 503/418/503
f 309/415/309 324/445/324 504/449/504
f 324/445/324 339/478/339 505/460/505
f 339/478/339 354/488/354 506/490/506
f 354/488/354 369/515/369 507/498/507
f 369/515/369 384/524/384 508/526/508
f 384/524/384 399/552/399 509/554/509
f 399/552/399 414/561/414 510/563/510
f 414/561/414 429/589/429 511/591/511
f 429/589/429 444/599/444 512/602/512
f 459/631/459 513/633/513 512/602/512
f 474/7/474 514/13/514 513/633/513
f 474/7/474 9/9/9 484/45/484
f 460/638/460 545/634/545 546/15/546
f 445/636/445 544/603/544 545/634/545
f 430/605/430 543/592/543 544/603/544
f 415/573/415 542/564/542 543/592/543
f 400/537/400 541/555/541 542/564/542
f 540/527/540 541/555/541 400/537/400
f 539/499/539 540/527/540 385/529/385
f 538/491/538 539/499/539 370/501/370
f 537/461/537 538/491/538 355/493/355
f 536/450/536 537/461/537 340/463/340
f 535/419/535 536/450/536 325/453/325
f 534/408/534 535/419/535 310/421/310
f 533/382/533 534/408/534 295/410/295
f 532/372/532 533/382/533 280/384/280
f 531/343/531 532/372/532 265/373/265
f 530/335/530 531/343/531 250/345/250
f 529/303/529 530/335/530 235/317/235
f 528/294/528 529/303/529 220/305/220
f 527/263/527 528/294/528 205/275/205
f 526/236/526 527/263/527 190/265/190
f 525/226/525 526/236/526 175/238/175
f 145/228/145 524/199/524 525/226/525
f 130/201/130 523/188/523 524/199/524
f 115/190/115 522/163/522 523/188/523
f 100/165/100 521/150/521 522/163/522
f 85/153/85 520/120/520 521/150/521
f 70/122/70 519/109/519 520/120/520
f 55/110/55 518/82/518 519/109/519
f 40/84/40 517/73/517 518/82/518
f 25/56/25 516/46/516 517/73/517
f 10/48/10 515/14/515 516/46/516
f 475/18/475 546/15/546 515/14/515
